> Residue POPC 122
2.577	5.38 
2.622	5.428
2.575	5.387
2.498	5.255
2.548	5.247
2.441	5.244
2.452	5.321
2.474	5.317
2.469	5.35 
2.504	5.283
2.509	5.208
2.561	5.256
2.461	5.306
2.51 	5.371
2.486	5.401
2.587	5.413
2.604	5.382
2.591	5.344
2.544	5.263
2.552	5.301
2.695	5.339
2.63 	5.323
2.74 	5.366
2.71 	5.324
2.68 	5.311
2.704	5.318
2.721	5.364
2.78	5.38
2.71 	5.323
2.703	5.427
2.649	5.448
2.653	5.419
2.633	5.353
2.675	5.34 
2.783	5.372
2.713	5.39 
2.816	5.311
2.794	5.364
2.819	5.357
2.816	5.431
2.726	5.391
2.718	5.429
2.774	5.439
2.723	5.439
2.589	5.41 
2.613	5.453
2.549	5.481
2.514	5.48 
2.549	5.443
2.468	5.401
2.521	5.437
> Residue POPC 123
2.483	7.043
2.51 	7.116
2.494	7.088
2.502	7.008
2.526	7.107
2.457	7.03 
2.508	7.113
2.523	7.115
2.574	7.129
2.618	7.165
2.561	7.037
2.544	7.247
2.54	7.15
2.525	7.213
2.482	7.209
2.495	7.191
2.44 	7.185
2.524	7.209
2.487	7.127
2.417	7.171
2.44 	7.229
2.45 	7.144
2.443	7.192
2.476	7.158
2.394	7.207
2.438	7.199
2.482	7.291
2.628	7.288
2.649	7.327
2.639	7.312
2.666	7.284
2.65 	7.248
2.658	7.187
2.633	7.152
2.643	7.236
2.713	7.238
2.737	7.179
2.714	7.217
2.716	7.232
2.714	7.224
2.709	7.211
2.71 	7.274
2.761	7.276
2.77 	7.242
2.791	7.208
2.824	7.2  
2.828	7.239
2.741	7.201
2.725	7.158
2.652	7.18 
2.654	7.163
> Residue POPC 124
3.83 	5.087
3.876	5.137
3.863	5.136
3.843	5.066
3.88 	5.144
3.816	5.09 
3.823	5.129
3.767	5.151
3.744	5.159
3.809	5.124
3.864	5.103
3.827	5.051
3.864	5.099
3.847	5.134
3.81 	5.137
3.906	5.15 
3.852	5.113
3.792	5.048
3.787	5.034
3.871	5.072
3.773	5.083
3.831	5.003
3.898	5.079
3.824	5.083
3.8  	5.038
3.816	4.961
3.83 	5.057
3.877	5.014
3.844	4.999
3.885	5.018
3.85 	5.046
3.908	5.059
3.923	5.1  
3.878	5.026
3.947	5.067
3.857	5.063
3.938	5.076
3.919	5.085
3.911	5.041
3.907	5.051
3.861	5.032
3.847	4.996
3.899	5.043
3.902	5.013
3.855	5.062
3.91 	5.104
3.845	5.115
3.824	5.11 
3.831	5.047
3.74 	5.076
3.796	5.112
> Residue POPC 125
2.995	5.707
3.031	5.748
3.048	5.73 
3.034	5.569
3.126	5.63 
3.007	5.564
3.03 	5.713
2.944	5.666
2.976	5.742
3.052	5.748
3.066	5.608
3.062	5.716
2.95 	5.671
3.09 	5.741
2.969	5.73 
3.123	5.774
3.038	5.76 
2.984	5.715
2.901	5.659
2.907	5.704
3.033	5.793
3.029	5.678
3.066	5.757
3.139	5.74 
2.986	5.733
3.024	5.686
3.029	5.724
3.146	5.791
3.133	5.714
3.14 	5.748
3.247	5.822
3.177	5.722
3.227	5.708
3.244	5.682
3.214	5.699
3.16 	5.697
3.234	5.672
3.23	5.69
3.264	5.704
3.194	5.707
3.228	5.65 
3.177	5.67 
3.236	5.673
3.244	5.589
3.198	5.598
3.207	5.637
3.166	5.677
3.171	5.655
3.23 	5.578
3.163	5.605
3.162	5.582
> Residue POPC 126
0.406	3.795
0.384	3.837
0.454	3.798
0.447	3.747
0.47 	3.756
0.518	3.775
0.497	3.946
0.473	3.902
0.442	3.779
0.476	3.821
0.429	3.809
0.471	3.845
0.45 	3.818
0.53 	3.818
0.413	3.869
0.389	3.866
0.403	3.908
0.395	3.847
0.319	3.771
0.309	3.785
0.374	3.799
0.358	3.804
0.329	3.807
0.439	3.703
0.481	3.743
0.578	3.716
0.595	3.736
0.559	3.751
0.469	3.644
0.402	3.74 
0.364	3.764
0.359	3.73 
0.484	3.755
0.481	3.737
0.498	3.741
0.47 	3.723
0.464	3.754
0.449	3.785
0.415	3.855
0.413	3.888
0.476	3.807
0.441	3.902
0.477	3.812
0.374	3.864
0.304	3.891
0.292	3.907
0.253	3.779
0.308	3.81 
0.345	3.814
0.245	3.761
0.311	3.659
> Residue POPC 127
5.318	4.081
5.341	4.138
5.276	4.068
5.327	3.982
5.361	4.124
5.323	4.105
5.351	4.109
5.335	4.139
5.317	4.129
5.336	4.11 
5.425	4.047
5.406	4.12 
5.383	4.053
5.314	4.129
5.22 	4.045
5.364	4.021
5.273	3.965
5.293	3.983
5.266	3.999
5.304	3.979
5.319	3.954
5.328	3.944
5.406	3.993
5.369	3.982
5.408	3.99 
5.427	3.993
5.377	4.003
5.44 	4.021
5.4  	4.045
5.424	4.039
5.45 	3.999
5.445	3.998
5.462	3.997
5.411	4.077
5.436	4.02 
5.402	4.039
5.431	4.031
5.443	4.043
5.361	4.08 
5.427	4.102
5.419	4.091
5.409	4.033
5.413	4.054
5.386	4.073
5.373	4.035
5.349	4.107
5.386	4.162
5.378	4.144
5.311	4.107
5.27 	4.118
5.308	4.143
> Residue POPC 128
1.719	6.785
1.734	6.862
1.771	6.892
1.715	6.853
1.819	6.907
1.732	6.872
1.751	6.961
1.701	6.896
1.705	6.936
1.747	6.9  
1.71 	6.882
1.755	6.955
1.666	6.932
1.688	6.998
1.67 	6.968
1.667	6.986
1.638	7.028
1.696	7.061
1.64 	7.013
1.64 	7.014
1.665	7.043
1.716	7.016
1.688	7.002
1.707	6.971
1.671	6.897
1.681	6.999
1.799	7.055
1.802	7.087
1.85 	7.109
1.834	7.052
1.916	7.067
1.864	7.099
1.848	7.019
1.901	7.004
1.893	6.987
1.942	7.002
1.967	6.981
1.999	6.977
1.97 	6.996
1.974	6.901
2.009	6.891
1.97 	6.907
2.078	6.928
2.054	6.918
2.13 	6.943
2.104	6.877
2.057	6.952
1.998	6.929
1.976	6.898
1.938	6.857
1.92 	6.885
> Residue POPC 129
5.553	4.782
5.633	4.785
5.539	4.778
5.482	4.737
5.588	4.811
5.511	4.833
5.553	4.831
5.532	4.832
5.569	4.875
5.516	4.863
5.626	4.824
5.665	4.799
5.628	4.773
5.574	4.888
5.536	4.818
5.578	4.738
5.54 	4.687
5.525	4.754
5.514	4.733
5.512	4.775
5.563	4.715
5.543	4.696
5.559	4.837
5.523	4.76 
5.504	4.785
5.481	4.689
5.458	4.748
5.557	4.784
5.527	4.816
5.525	4.802
5.532	4.779
5.549	4.813
5.537	4.783
5.508	4.822
5.559	4.742
5.516	4.774
5.5  	4.761
5.549	4.794
5.493	4.783
5.546	4.873
5.527	4.87 
5.598	4.823
5.615	4.877
5.564	4.847
5.55 	4.831
5.521	4.906
5.478	4.92 
5.621	4.883
5.598	4.859
5.5  	4.845
5.497	4.871
> Residue POPC 130
0.187	6.251
0.183	6.199
0.178	6.244
0.139	6.291
0.262	6.3  
0.185	6.23 
0.216	6.356
0.214	6.275
0.249	6.243
0.232	6.237
0.17 	6.267
0.268	6.249
0.164	6.279
0.223	6.238
0.117	6.293
0.226	6.323
0.225	6.302
0.226	6.367
0.175	6.294
0.192	6.222
0.178	6.128
0.19 	6.082
0.223	6.04 
0.139	6.024
0.191	6.018
0.114	6.021
0.208	6.063
0.19 	6.125
0.312	6.101
0.263	6.091
0.212	6.135
0.318	6.135
0.299	6.074
0.35 	6.049
0.436	6.043
0.453	6.05 
0.512	6.07 
0.455	6.168
0.358	6.308
0.382	6.208
0.334	6.138
0.357	6.203
0.392	6.213
0.332	6.277
0.376	6.276
0.342	6.285
0.289	6.17 
0.309	6.206
0.288	6.171
0.33 	6.098
0.336	6.085
> Residue POPC 131
3.689	2.984
3.712	3.004
3.649	2.964
3.638	2.979
3.655	3.017
3.652	2.999
3.684	3.037
3.637	3.018
3.616	3.086
3.638	3.042
3.549	3.032
3.621	2.988
3.584	3.005
3.633	3.009
3.609	2.988
3.562	3.009
3.53 	2.967
3.512	2.929
3.45 	2.973
3.512	3.014
3.514	2.958
3.513	2.94 
3.573	3.012
3.463	2.987
3.585	2.994
3.609	2.941
3.553	2.933
3.555	2.99 
3.558	2.946
3.576	2.985
3.611	3.051
3.597	3.073
3.665	3.029
3.671	3.001
3.662	3.009
3.702	3.058
3.746	2.991
3.737	3.006
3.658	3.044
3.725	3.104
3.739	3.072
3.713	3.1  
3.652	3.079
3.629	3.031
3.564	3.094
3.579	3.14 
3.638	3.166
3.615	3.158
3.631	3.097
3.553	3.107
3.608	3.129
> Residue POPC 132
2.978	0.333
3.184	0.229
3.187	0.288
3.232	0.242
3.274	0.285
3.154	0.256
3.228	0.192
3.193	0.225
3.344	0.286
3.332	0.251
3.309	0.306
3.284	0.23 
3.222	0.184
3.274	0.211
3.243	0.184
3.21 	0.196
3.187	0.173
3.138	0.235
3.152	0.167
3.144	0.178
2.94 	0.168
2.98 	0.098
3.024	0.063
3.038	0.134
3.07 	0.136
3.066	0.068
3.086	0.209
3.098	0.142
3.182	0.183
3.166	0.19 
3.181	0.221
3.264	0.224
3.281	0.261
3.177	0.172
3.083	0.195
3.245	0.184
3.315	0.177
3.239	0.168
3.275	0.179
3.306	0.324
3.343	0.155
3.329	0.221
3.303	0.253
3.289	0.264
3.314	0.231
3.353	0.262
3.296	0.345
3.28 	0.334
3.374	0.394
3.229	0.361
3.24 	0.463
> Residue POPC 133
6.207	3.986
6.176	3.937
6.151	3.855
6.129	3.9  
6.161	4.027
6.137	3.995
6.148	3.938
6.173	3.891
6.163	3.878
6.164	3.919
6.192	3.856
6.209	3.806
6.283	3.845
6.227	3.881
6.066	3.891
6.153	3.884
6.055	3.866
6.148	3.85 
6.175	3.885
6.119	3.82 
6.167	3.802
6.193	3.876
6.237	3.909
6.186	3.873
6.249	3.947
6.231	3.918
6.2  	3.977
6.222	3.993
6.215	3.96 
6.277	3.92 
6.307	3.947
6.283	3.92 
6.24 	3.943
6.266	3.962
6.254	3.838
6.278	3.899
6.317	3.896
6.299	3.897
6.214	3.886
6.231	3.885
6.269	3.928
6.247	3.9  
6.211	3.99 
6.202	3.998
6.153	3.962
6.119	3.972
6.164	4.017
6.1  	4.026
6.054	4.019
6.042	3.945
6.028	4.028
> Residue POPC 134
4.784	7.91 
4.77 	7.832
4.777	7.843
4.732	7.83 
4.735	7.802
4.616	7.822
4.724	7.829
4.663	7.807
4.753	7.842
4.742	7.821
4.755	7.839
4.753	7.776
4.744	7.723
4.757	7.787
4.706	7.778
4.649	7.827
4.696	7.789
4.753	7.73 
4.718	7.748
4.646	7.746
4.598	7.76 
4.594	7.664
4.667	7.771
4.646	7.742
4.657	7.704
4.658	7.704
4.678	7.709
4.723	7.7  
4.649	7.701
4.722	7.679
4.697	7.735
4.733	7.786
4.687	7.794
4.685	7.742
4.663	7.771
4.7  	7.785
4.797	7.748
4.661	7.821
4.618	7.757
4.629	7.753
4.665	7.784
4.699	7.726
4.737	7.837
4.65 	7.773
4.739	7.726
4.767	7.772
4.758	7.791
4.693	7.777
4.657	7.73 
4.643	7.761
4.635	7.779
> Residue POPC 135
8.566	3.962
8.562	3.943
8.539	3.987
8.52 	3.889
8.488	3.945
8.521	4.007
8.511	4.129
8.509	4.074
8.535	4.046
8.662	4.075
8.639	4.097
8.655	4.028
8.643	4.038
8.674	4.029
8.573	4.118
8.607	4.085
8.609	4.178
8.599	4.141
8.444	4.06 
8.408	4.062
8.503	3.977
8.433	4.038
8.558	3.996
8.586	3.93 
8.594	3.969
8.679	3.923
8.663	3.904
8.67 	3.992
8.631	3.89 
8.556	3.921
8.654	3.97 
8.64 	3.911
0.023	3.939
8.683	3.962
0.042	4.   
0.038	3.98 
0.016	4.006
2.062e-03	3.954e+00
8.673	4.042
8.658	4.119
0.054	4.018
8.593	4.031
8.591	4.037
8.542	4.102
8.421	4.011
8.474	4.015
8.515	3.915
8.531	3.982
8.556	3.939
8.463	3.956
8.564	3.958
> Residue POPC 136
0.895	4.548
1.042	4.575
1.028	4.632
0.987	4.594
0.983	4.592
0.978	4.614
0.905	4.781
0.951	4.718
0.983	4.664
1.058	4.632
0.994	4.617
1.096	4.588
0.919	4.598
1.049	4.587
0.974	4.644
1.018	4.658
1.066	4.658
0.979	4.659
0.951	4.672
0.938	4.639
1.017	4.664
1.011	4.665
0.996	4.551
0.982	4.539
1.112	4.551
1.092	4.624
1.11	4.62
1.079	4.667
1.081	4.657
1.127	4.712
1.048	4.729
1.111	4.691
1.206	4.686
1.174	4.605
1.206	4.714
1.161	4.69 
1.223	4.634
1.226	4.682
1.216	4.654
1.206	4.649
1.131	4.57 
1.082	4.544
1.068	4.441
1.008	4.524
0.987	4.588
1.01 	4.699
1.072	4.657
1.09 	4.625
1.113	4.548
1.044	4.535
1.052	4.481
> Residue POPC 137
1.002	5.713
1.057	5.783
1.067	5.769
1.029	5.725
1.067	5.69 
1.001	5.745
1.05 	5.919
1.1  	5.926
1.103	5.934
1.226	5.923
1.152	6.01 
1.19 	6.018
1.097	6.014
1.045	5.961
1.035	5.937
1.076	5.986
1.093	6.002
1.106	5.994
1.04	5.96
1.019	5.978
0.979	5.999
0.992	6.02 
1.063	5.954
1.02 	5.938
0.963	5.904
0.932	5.937
1.042	5.952
1.027	6.065
1.12 	6.062
1.008	6.01 
0.948	6.055
1.111	6.081
1.075	6.006
1.15 	5.958
1.154	5.988
1.187	5.965
1.227	5.975
1.202	5.945
1.094	6.029
1.206	5.898
1.167	5.947
1.17 	5.958
1.235	5.943
1.168	5.921
1.166	5.946
1.122	5.968
1.087	6.01 
1.051	6.009
1.067	5.907
1.085	5.847
1.042	5.813
> Residue POPC 138
3.415	4.811
3.46	4.81
3.434	4.891
3.347	4.801
3.401	4.782
3.37 	4.719
3.388	4.874
3.296	4.816
3.346	4.819
3.353	4.847
3.408	4.751
3.382	4.7  
3.408	4.747
3.431	4.832
3.372	4.84 
3.483	4.843
3.39 	4.787
3.33 	4.804
3.285	4.693
3.274	4.71 
3.318	4.784
3.353	4.686
3.459	4.802
3.428	4.774
3.423	4.763
3.423	4.719
3.461	4.75 
3.511	4.695
3.497	4.582
3.485	4.685
3.491	4.693
3.529	4.701
3.567	4.722
3.489	4.616
3.559	4.638
3.522	4.653
3.545	4.663
3.53 	4.699
3.458	4.594
3.512	4.611
3.471	4.608
3.436	4.631
3.497	4.675
3.446	4.586
3.492	4.676
3.487	4.736
3.44 	4.766
3.499	4.795
3.41 	4.654
3.36 	4.676
3.431	4.647
> Residue POPC 139
3.447	3.214
3.503	3.212
3.5  	3.243
3.496	3.179
3.489	3.271
3.488	3.233
3.516	3.199
3.516	3.355
3.535	3.362
3.481	3.264
3.432	3.308
3.54 	3.268
3.523	3.304
3.559	3.289
3.469	3.247
3.511	3.336
3.495	3.383
3.444	3.297
3.423	3.346
3.434	3.266
3.448	3.293
3.457	3.263
3.511	3.292
3.43 	3.352
3.546	3.338
3.593	3.276
3.433	3.297
3.514	3.341
3.536	3.317
3.523	3.317
3.536	3.359
3.548	3.358
3.559	3.294
3.584	3.224
3.537	3.216
3.527	3.258
3.534	3.244
3.556	3.224
3.516	3.206
3.499	3.204
3.531	3.226
3.538	3.274
3.497	3.277
3.572	3.251
3.552	3.28 
3.512	3.308
3.46 	3.354
3.53 	3.362
3.545	3.343
3.452	3.308
3.501	3.326
> Residue POPC 140
0.48 	5.108
0.595	5.18 
0.617	5.2  
0.629	5.172
0.682	5.161
0.529	5.176
0.441	5.376
0.514	5.337
0.547	5.167
0.645	5.294
0.653	5.236
0.718	5.18 
0.57 	5.183
0.688	5.174
0.605	5.225
0.652	5.169
0.697	5.19 
0.684	5.226
0.649	5.098
0.606	5.093
0.669	5.086
0.63	5.06
0.632	5.016
0.634	5.064
0.659	4.958
0.585	5.007
0.624	5.038
0.693	5.11 
0.7  	5.046
0.586	5.047
0.572	5.048
0.68 	5.044
0.726	5.03 
0.802	5.042
0.799	5.092
0.815	5.109
0.872	5.066
0.826	5.067
0.911	5.117
0.936	5.146
0.836	5.1  
0.903	5.122
1.002	5.034
0.879	5.138
0.814	5.187
0.751	5.191
0.808	5.167
0.77 	5.081
0.824	5.03 
0.842	5.005
0.882	5.001
> Residue POPC 141
5.311	2.582
5.226	2.558
5.208	2.541
5.243	2.531
5.185	2.586
5.147	2.543
5.12 	2.556
5.046	2.589
5.136	2.613
5.158	2.539
5.038	2.534
5.081	2.52 
5.036	2.53 
5.01 	2.546
4.987	2.549
4.967	2.523
4.972	2.504
4.992	2.483
4.935	2.526
4.948	2.49 
4.912	2.537
5.066	2.513
5.037	2.548
4.992	2.565
5.073	2.559
5.078	2.518
5.041	2.529
5.004	2.55 
5.123	2.501
5.136	2.553
5.162	2.585
5.179	2.515
5.207	2.546
5.233	2.564
5.204	2.553
5.171	2.555
5.17 	2.516
5.171	2.546
5.175	2.541
5.119	2.494
5.159	2.56 
5.173	2.507
5.151	2.557
5.168	2.579
5.187	2.557
5.132	2.591
5.126	2.603
5.125	2.577
5.142	2.554
5.049	2.525
5.174	2.548
> Residue POPC 142
2.902	8.192
2.948	8.205
2.968	8.265
2.93 	8.178
2.95 	8.318
2.88 	8.215
2.935	8.272
2.869	8.263
2.936	8.388
2.907	8.371
2.861	8.407
2.867	8.434
2.827	8.337
2.893	8.444
2.828	8.375
2.839	8.415
2.804	8.371
2.85 	8.362
2.77 	8.364
2.8  	8.433
2.781	8.468
2.849	8.318
2.894	8.347
2.923	8.359
2.846	8.324
2.891	8.279
2.921	8.369
2.984	8.353
2.978	8.476
3.017	8.398
3.094	8.428
3.085	8.42 
3.02 	8.358
3.069	8.26 
3.   	8.311
3.097	8.259
3.152	8.231
2.992	8.3  
3.042	8.244
3.024	8.282
3.027	8.308
3.101	8.312
3.118	8.304
3.058	8.292
3.094	8.337
3.1 	8.35
3.135	8.483
3.081	8.453
3.163	8.506
3.049	8.432
2.988	8.491
> Residue POPC 143
3.974	7.111
3.932	7.049
3.979	7.096
3.872	7.025
3.925	7.119
3.833	6.991
3.905	7.081
3.928	7.058
3.966	7.117
3.969	7.035
3.946	7.084
3.927	7.065
3.905	7.037
3.838	7.062
3.86 	7.083
3.858	7.112
3.834	7.108
3.853	7.09 
3.802	7.049
3.716	7.108
3.771	7.113
3.794	7.036
3.796	7.146
3.774	7.041
3.747	7.075
3.697	6.985
3.684	7.043
3.838	7.053
3.801	7.056
3.856	7.082
3.887	7.14 
3.848	7.113
3.917	7.095
3.794	7.076
3.841	7.094
3.906	7.094
3.976	7.089
3.923	7.098
3.892	7.031
3.832	7.026
3.837	7.023
3.9  	7.015
4.035	7.069
3.919	6.99 
3.928	6.998
3.994	7.027
3.975	7.095
4.022	6.995
3.962	7.071
3.974	7.023
4.008	7.016
> Residue POPC 144
4.956	6.711
4.977	6.735
4.954	6.713
4.863	6.751
4.972	6.769
4.92 	6.707
4.946	6.775
4.962	6.766
4.965	6.786
4.936	6.775
4.979	6.778
4.981	6.75 
4.955	6.714
4.962	6.769
4.883	6.796
4.882	6.83 
4.843	6.796
4.866	6.737
4.842	6.758
4.839	6.708
4.884	6.752
4.858	6.704
4.93 	6.846
4.9  	6.772
4.896	6.743
4.843	6.731
4.818	6.773
4.931	6.788
4.931	6.758
4.902	6.69 
4.935	6.712
5.024	6.792
5.007	6.797
4.941	6.828
4.984	6.833
4.981	6.797
5.064	6.825
5.12 	6.837
5.047	6.809
5.055	6.82 
5.08 	6.797
5.113	6.774
5.182	6.818
5.108	6.786
5.118	6.735
5.178	6.771
5.079	6.788
5.106	6.729
5.129	6.701
5.104	6.658
5.127	6.69 
> Residue POPC 145
5.217	5.356
5.249	5.339
5.206	5.337
5.206	5.369
5.243	5.398
5.178	5.381
5.192	5.423
5.134	5.398
5.137	5.431
5.153	5.396
5.192	5.372
5.3  	5.381
5.266	5.355
5.223	5.437
5.154	5.362
5.206	5.455
5.152	5.364
5.164	5.377
5.157	5.356
5.223	5.416
5.377	5.329
5.332	5.328
5.358	5.426
5.293	5.355
5.229	5.378
5.191	5.338
5.251	5.4  
5.314	5.435
5.28 	5.402
5.266	5.437
5.336	5.43 
5.362	5.429
5.363	5.398
5.357	5.489
5.333	5.476
5.333	5.477
5.364	5.491
5.272	5.396
5.33 	5.428
5.34 	5.505
5.278	5.526
5.34 	5.493
5.395	5.531
5.309	5.52 
5.173	5.483
5.282	5.525
5.267	5.603
5.371	5.549
5.355	5.479
5.277	5.496
5.299	5.507
> Residue POPC 146
2.378	7.624
2.433	7.685
2.506	7.707
2.446	7.614
2.534	7.733
2.447	7.604
2.47 	7.667
2.418	7.667
2.454	7.694
2.431	7.71 
2.347	7.618
2.378	7.807
2.446	7.744
2.395	7.792
2.421	7.768
2.461	7.779
2.418	7.753
2.452	7.736
2.427	7.656
2.426	7.706
2.44 	7.797
2.467	7.688
2.47	7.81
2.447	7.775
2.464	7.744
2.524	7.748
2.514	7.816
2.602	7.808
2.56 	7.813
2.549	7.804
2.613	7.84 
2.65 	7.847
2.614	7.805
2.615	7.761
2.603	7.784
2.636	7.743
2.649	7.708
2.518	7.776
2.563	7.737
2.567	7.749
2.532	7.691
2.566	7.749
2.596	7.781
2.552	7.705
2.56 	7.722
2.685	7.662
2.67 	7.719
2.643	7.672
2.57 	7.753
2.511	7.686
2.515	7.651
> Residue POPC 147
6.022	1.115
5.935	1.061
5.961	1.043
5.913	1.009
5.955	1.114
5.903	1.075
5.955	1.142
5.863	1.113
5.909	1.031
5.957	1.073
5.933	1.133
5.887	1.074
5.807	1.03 
5.877	1.039
5.836	1.14 
5.85 	1.117
5.807	1.096
5.83	1.03
5.816	1.091
5.779	1.056
5.852	1.023
5.843	1.018
5.893	1.049
5.916	1.07 
5.906	1.064
5.914	1.053
5.893	1.06 
5.89 	1.124
5.893	0.995
5.924	1.018
5.935	1.002
5.965	0.999
5.938	1.063
5.87 	1.155
5.905	1.074
5.915	1.09 
5.995	1.065
6.034	1.033
5.993	0.928
5.977	1.005
5.996	0.995
5.966	1.001
5.933	1.037
5.855	1.11 
5.82 	1.054
5.787	1.142
5.779	1.176
5.821	1.144
5.792	1.103
5.69 	1.116
5.793	1.138
> Residue POPC 148
5.386	0.131
5.375	0.055
5.331	0.117
5.28 	0.069
5.333	0.096
5.293	0.14 
5.369	0.13 
5.238	0.111
5.292	0.112
5.39 	0.118
5.352	0.148
5.284	0.176
5.209	0.088
5.171	0.162
5.268	0.208
5.229	0.222
5.198	0.174
5.279	0.096
5.288	0.18 
5.24	0.14
5.347	0.11 
5.305	0.091
5.377	0.145
5.403	0.165
5.431	0.155
5.355	0.19 
5.405	0.201
5.407	0.229
5.379	0.162
5.319	0.151
5.36 	0.188
5.398	0.246
5.346	0.199
5.271	0.283
5.385	0.25 
5.342	0.244
5.438	0.244
5.454	0.205
5.401	0.178
5.421	0.23 
5.504	0.195
5.445	0.247
5.488	0.327
5.321	0.294
5.364	0.259
5.351	0.276
5.356	0.273
5.351	0.301
5.337	0.265
5.299	0.263
5.332	0.201
> Residue POPC 149
5.309	6.074
5.353	6.027
5.286	6.057
5.25 	6.045
5.305	6.076
5.265	6.043
5.309	6.076
5.273	6.027
5.283	6.048
5.32 	6.068
5.363	6.045
5.442	6.078
5.337	6.101
5.336	6.129
5.234	6.136
5.276	6.153
5.248	6.069
5.271	6.035
5.247	6.082
5.197	6.068
5.274	6.077
5.241	6.024
5.286	6.144
5.246	6.051
5.245	6.013
5.254	6.012
5.283	6.079
5.35 	6.097
5.378	6.075
5.358	6.077
5.398	6.046
5.459	6.07 
5.402	6.06 
5.411	6.132
5.447	6.151
5.42 	6.125
5.498	6.096
5.503	6.213
5.519	6.133
5.516	6.141
5.498	6.111
5.611	6.131
5.676	6.162
5.565	6.157
5.529	6.119
5.59 	6.119
5.547	6.22 
5.519	6.136
5.543	6.074
5.529	6.039
5.528	6.088
> Residue POPC 150
8.111	3.193
8.073	3.19 
7.968	3.217
8.01 	3.306
7.997	3.285
8.071	3.333
8.064	3.407
8.01 	3.327
7.97 	3.279
7.988	3.329
7.96 	3.457
8.098	3.334
8.046	3.27 
8.042	3.317
7.951	3.399
8.045	3.29 
7.952	3.323
7.902	3.355
7.919	3.294
7.916	3.261
7.897	3.237
7.919	3.327
7.864	3.305
7.83 	3.275
7.846	3.333
7.91 	3.325
7.885	3.36 
7.889	3.405
7.847	3.363
7.883	3.218
7.84 	3.267
7.85 	3.263
7.924	3.253
7.893	3.265
7.999	3.27 
7.831	3.23 
7.868	3.225
7.899	3.202
7.89 	3.277
7.833	3.296
7.936	3.267
7.927	3.224
7.787	3.097
7.787	3.127
7.703	3.152
7.649	3.158
7.804	3.048
7.774	3.057
7.772	3.096
7.708	3.045
7.655	3.088
> Residue POPC 151
2.175	3.856
2.185	3.785
2.164	3.81 
2.209	3.745
2.212	3.692
2.217	3.757
2.286	3.888
2.207	3.796
2.23 	3.828
2.253	3.805
2.217	3.804
2.266	3.763
2.183	3.71 
2.222	3.747
2.228	3.792
2.224	3.881
2.238	3.878
2.163	3.89 
2.138	3.84 
2.089	3.907
2.185	3.877
2.17 	3.897
2.21 	3.888
2.216	3.86 
2.308	3.863
2.272	3.86 
2.312	3.824
2.227	3.889
2.239	3.839
2.251	3.92 
2.251	3.999
2.32 	3.982
2.33	3.89
2.362	3.815
2.341	3.831
2.369	3.909
2.417	3.838
2.43 	3.858
2.411	3.852
2.448	3.837
2.387	3.831
2.369	3.88 
2.413	3.825
2.354	3.778
2.273	3.756
2.284	3.76 
2.306	3.857
2.318	3.851
2.304	3.841
2.312	3.822
2.348	3.85 
> Residue POPC 152
0.864	3.012
0.86 	3.031
0.83 	2.965
0.857	2.942
0.86 	2.995
0.941	3.001
0.883	3.092
0.842	3.014
0.801	2.99 
0.874	3.051
0.745	3.026
0.746	3.01 
0.789	2.979
0.873	3.039
0.776	3.043
0.819	3.029
0.808	3.033
0.833	3.03 
0.839	3.048
0.812	3.006
0.834	3.013
0.91 	3.063
0.827	3.056
0.918	3.022
0.988	3.071
1.052	3.039
1.027	3.021
0.978	3.065
0.941	2.967
0.959	3.017
0.857	3.068
0.907	3.018
0.925	2.982
0.994	2.997
0.97 	3.046
0.949	3.033
0.931	3.074
0.895	3.075
0.821	3.086
0.874	3.161
0.937	3.065
0.944	3.088
0.764	3.09 
0.782	3.144
0.756	3.118
0.732	3.192
0.834	3.12 
0.798	3.136
0.8  	3.129
0.739	3.094
0.743	3.045
> Residue POPC 153
7.33 	4.596
7.296	4.574
7.204	4.532
7.208	4.603
7.213	4.603
7.138	4.573
7.172	4.626
7.216	4.578
7.231	4.601
7.189	4.579
7.083	4.631
7.263	4.568
7.227	4.508
7.157	4.566
7.084	4.519
7.27 	4.468
7.192	4.478
7.203	4.556
7.102	4.582
7.11 	4.549
7.146	4.493
7.173	4.497
7.247	4.582
7.204	4.511
7.293	4.541
7.287	4.548
7.301	4.646
7.353	4.618
7.282	4.652
7.382	4.546
7.414	4.57 
7.502	4.607
7.434	4.563
7.431	4.609
7.471	4.547
7.507	4.518
7.495	4.526
7.515	4.514
7.44 	4.534
7.399	4.54 
7.315	4.527
7.378	4.48 
7.48	4.51
7.33 	4.509
7.38 	4.536
7.377	4.553
7.52 	4.442
7.553	4.428
7.523	4.469
7.491	4.401
7.541	4.446
> Residue POPC 154
4.99 	3.461
4.985	3.474
4.969	3.458
4.949	3.433
5.021	3.491
4.978	3.525
4.974	3.538
4.952	3.547
4.927	3.551
4.977	3.509
4.962	3.452
4.993	3.488
5.054	3.493
5.053	3.525
4.929	3.457
4.977	3.424
4.933	3.386
4.943	3.424
4.931	3.451
4.918	3.375
4.957	3.452
4.983	3.383
5.054	3.428
5.002	3.425
5.081	3.447
5.082	3.434
5.053	3.437
5.087	3.487
5.105	3.448
5.09 	3.462
5.055	3.459
5.077	3.469
5.085	3.441
5.11	3.46
5.109	3.425
5.073	3.413
5.144	3.434
5.1  	3.424
5.061	3.414
5.01 	3.352
5.136	3.368
5.082	3.353
5.08 	3.343
5.037	3.348
5.021	3.397
5.019	3.42 
4.998	3.478
5.051	3.471
4.975	3.446
4.917	3.391
4.99 	3.479
> Residue POPC 155
3.523	7.657
3.486	7.609
3.455	7.607
3.402	7.552
3.445	7.652
3.33 	7.578
3.394	7.601
3.431	7.61 
3.369	7.721
3.417	7.69 
3.394	7.644
3.406	7.599
3.411	7.605
3.342	7.667
3.308	7.686
3.344	7.658
3.329	7.594
3.416	7.666
3.356	7.649
3.276	7.728
3.242	7.783
3.324	7.665
3.326	7.78 
3.341	7.669
3.342	7.734
3.421	7.707
3.39 	7.822
3.49 	7.845
3.494	7.795
3.501	7.743
3.533	7.796
3.553	7.784
3.512	7.811
3.459	7.738
3.486	7.796
3.539	7.736
3.645	7.727
3.531	7.833
3.535	7.801
3.542	7.832
3.578	7.819
3.651	7.841
3.635	7.88 
3.617	7.769
3.576	7.68 
3.614	7.692
3.602	7.769
3.543	7.764
3.48 	7.789
3.461	7.784
3.43 	7.764
> Residue POPC 156
6.225	5.359
6.257	5.322
6.223	5.256
6.129	5.298
6.197	5.366
6.1  	5.305
6.113	5.351
6.033	5.313
6.027	5.295
6.094	5.343
6.062	5.335
6.19 	5.232
6.118	5.274
6.172	5.317
6.121	5.303
6.161	5.25 
6.144	5.218
6.171	5.225
6.137	5.268
6.208	5.218
6.215	5.213
6.174	5.113
6.287	5.23 
6.193	5.113
6.154	5.16 
6.118	5.066
6.174	5.194
6.235	5.253
6.229	5.207
6.199	5.134
6.231	5.185
6.304	5.188
6.238	5.157
6.239	5.202
6.227	5.182
6.227	5.206
6.253	5.122
6.363	5.108
6.407	5.083
6.388	5.143
6.359	5.183
6.433	5.115
6.527	5.274
6.39 	5.323
6.307	5.225
6.376	5.201
6.411	5.204
6.433	5.216
6.403	5.153
6.37	5.09
6.354	5.098
> Residue POPC 157
3.024	0.962
3.176	0.946
3.092	1.045
3.077	0.953
3.072	0.89 
3.058	0.905
3.088	0.869
3.069	0.974
3.099	0.962
3.085	0.839
3.009	0.939
3.096	0.95 
3.102	0.897
3.096	0.935
3.037	0.983
3.03 	0.961
2.94 	0.907
2.905	0.897
2.949	0.917
2.994	0.925
2.991	0.936
2.914	0.921
2.919	0.895
3.018	0.944
3.046	0.987
3.076	0.861
3.1  	0.927
3.109	0.945
3.186	0.956
3.188	0.973
3.123	0.993
3.145	1.084
3.189	1.041
3.12 	0.971
3.108	0.946
3.124	0.949
3.091	0.832
3.153	0.796
3.126	0.872
3.123	0.901
3.196	0.86 
3.17 	0.894
3.151	0.906
3.09	0.86
3.107	0.838
3.01 	0.839
3.076	0.927
3.023	0.901
3.149	0.95 
3.082	0.851
3.06 	0.956
> Residue POPC 158
5.965	2.044
5.854	2.035
5.828	2.018
5.895	1.977
5.839	2.085
5.799	2.027
5.765	2.124
5.674	2.07 
5.732	2.048
5.764	2.039
5.59 	2.003
5.607	1.997
5.568	1.957
5.688	2.007
5.639	2.058
5.652	2.062
5.549	2.029
5.601	1.953
5.611	2.035
5.589	1.987
5.574	1.954
5.637	2.036
5.729	2.047
5.679	2.129
5.696	2.05 
5.698	2.027
5.716	2.108
5.732	2.085
5.725	2.047
5.685	2.05 
5.703	2.075
5.819	2.059
5.79	2.08
5.793	2.03 
5.726	2.019
5.683	1.992
5.667	2.013
5.705	2.003
5.695	1.989
5.718	1.974
5.727	2.001
5.762	1.996
5.798	2.032
5.688	2.05 
5.718	2.017
5.709	2.055
5.672	2.056
5.75 	2.104
5.671	2.059
5.611	2.071
5.737	2.066
> Residue POPC 159
6.435	5.894
6.472	5.876
6.445	5.784
6.437	5.8  
6.502	5.844
6.363	5.815
6.437	5.887
6.387	5.822
6.342	5.812
6.425	5.827
6.422	5.806
6.508	5.801
6.464	5.755
6.51	5.83
6.392	5.834
6.543	5.759
6.444	5.838
6.425	5.87 
6.394	5.887
6.317	5.858
6.354	5.797
6.328	5.662
6.417	5.748
6.313	5.678
6.299	5.724
6.3  	5.715
6.372	5.79 
6.372	5.765
6.374	5.755
6.411	5.725
6.438	5.81 
6.473	5.776
6.449	5.774
6.381	5.77 
6.416	5.718
6.444	5.706
6.474	5.68 
6.485	5.767
6.447	5.709
6.473	5.762
6.48 	5.735
6.538	5.697
6.602	5.776
6.517	5.816
6.451	5.789
6.512	5.812
6.476	5.89 
6.511	5.864
6.542	5.798
6.546	5.701
6.574	5.679
> Residue POPC 160
5.064	0.878
5.058	0.75 
5.001	0.777
4.931	0.797
4.989	0.796
4.938	0.739
4.97 	0.727
4.837	0.755
4.948	0.793
5.037	0.791
4.956	0.751
4.948	0.859
4.935	0.793
4.946	0.863
4.975	0.885
4.905	0.879
4.855	0.81 
4.86 	0.862
4.878	0.917
4.855	0.845
4.807	0.822
4.841	0.807
4.904	0.814
4.892	0.854
4.915	0.901
4.91 	0.855
4.917	0.883
4.864	0.886
4.812	0.847
4.78 	0.864
4.759	0.877
4.784	0.926
4.838	0.909
4.761	0.912
4.784	0.889
4.847	0.859
4.787	0.905
4.824	0.9  
4.81 	0.836
4.852	0.942
4.878	0.967
4.911	0.946
4.906	1.001
4.795	0.983
4.809	0.981
4.769	1.012
4.797	1.005
4.838	1.019
4.791	0.98 
4.715	0.982
4.846	1.032
> Residue POPC 161
3.945	7.873
3.943	7.801
3.901	7.89 
3.888	7.767
3.942	7.878
3.838	7.78 
3.876	7.817
3.853	7.85 
3.939	7.908
3.952	7.968
3.861	7.909
3.884	7.825
3.785	7.778
3.809	7.918
3.837	7.83 
3.848	7.831
3.811	7.787
3.904	7.789
3.854	7.732
3.804	7.774
3.792	7.768
3.86 	7.676
3.846	7.832
3.838	7.749
3.817	7.729
3.848	7.687
3.866	7.725
3.975	7.799
3.946	7.736
3.945	7.715
4.01 	7.793
4.069	7.774
4.039	7.764
3.951	7.736
3.975	7.673
4.008	7.678
4.073	7.653
3.986	7.684
3.974	7.612
3.963	7.627
4.009	7.58 
4.039	7.614
4.075	7.686
4.014	7.596
4.065	7.654
4.128	7.668
4.106	7.71 
4.019	7.71 
3.99 	7.798
3.963	7.75 
3.978	7.687
> Residue POPC 162
7.968	4.234
7.941	4.169
7.927	4.183
7.96	4.24
7.959	4.243
7.901	4.237
7.899	4.227
7.877	4.125
7.913	4.174
7.887	4.136
7.886	4.211
7.919	4.134
7.896	4.069
7.907	4.065
7.828	4.11 
7.924	4.054
7.833	4.102
7.871	4.172
7.723	4.058
7.795	4.071
7.82 	3.975
7.843	4.075
7.942	4.083
7.881	4.035
7.92 	4.063
8.052	4.034
7.998	4.052
8.05 	4.136
7.924	4.102
7.923	3.987
8.004	3.978
7.942	3.928
7.988	3.94 
7.91 	4.008
7.984	3.933
7.924	3.95 
7.864	3.938
7.913	3.973
7.838	3.981
7.8  	4.006
7.83	3.95
7.865	3.894
7.797	3.818
7.776	3.844
7.718	3.835
7.732	3.754
7.81 	3.638
7.772	3.718
7.764	3.698
7.714	3.599
7.832	3.693
> Residue POPC 163
4.451	6.378
4.497	6.331
4.481	6.367
4.449	6.335
4.481	6.436
4.434	6.352
4.454	6.397
4.427	6.383
4.506	6.394
4.504	6.37 
4.551	6.368
4.611	6.345
4.599	6.367
4.544	6.498
4.481	6.479
4.493	6.525
4.498	6.407
4.524	6.39 
4.442	6.379
4.399	6.396
4.467	6.47 
4.511	6.364
4.581	6.496
4.567	6.419
4.515	6.381
4.549	6.389
4.555	6.356
4.625	6.344
4.648	6.366
4.618	6.309
4.651	6.316
4.715	6.377
4.7  	6.393
4.605	6.388
4.643	6.418
4.633	6.372
4.691	6.392
4.64 	6.363
4.726	6.285
4.7  	6.267
4.691	6.393
4.743	6.29 
4.808	6.35 
4.748	6.325
4.733	6.316
4.779	6.367
4.729	6.398
4.743	6.326
4.77 	6.307
4.684	6.285
4.778	6.292
> Residue POPC 164
2.89 	2.093
2.86 	2.151
2.926	2.101
3.029	2.124
2.938	2.112
2.874	2.048
2.847	2.054
2.847	2.26 
2.845	2.181
2.775	2.141
2.761	2.216
2.756	2.231
2.809	2.217
2.828	2.282
2.827	2.27 
2.8  	2.314
2.773	2.162
2.771	2.165
2.822	2.205
2.893	2.132
2.848	2.11 
2.89 	2.137
2.866	2.176
2.91	2.17
2.902	2.224
2.944	2.208
2.91 	2.193
2.839	2.206
2.906	2.194
2.942	2.218
2.827	2.314
2.819	2.344
2.821	2.313
2.907	2.194
2.962	2.284
2.897	2.192
2.853	2.234
2.935	2.23 
2.844	2.276
2.798	2.314
2.773	2.304
2.814	2.333
2.759	2.296
2.801	2.272
2.811	2.305
2.808	2.297
2.803	2.364
2.803	2.308
2.784	2.342
2.7  	2.335
2.763	2.343
> Residue POPC 165
1.225	6.854
1.27	6.83
1.282	6.904
1.233	6.899
1.296	6.805
1.266	6.802
1.267	6.861
1.202	6.825
1.233	6.78 
1.225	6.808
1.17 	6.834
1.196	6.88 
1.12	6.9 
1.158	6.896
1.119	6.861
1.167	6.9  
1.192	6.882
1.211	6.897
1.164	6.868
1.141	6.868
1.168	6.826
1.186	6.869
1.208	6.806
1.233	6.722
1.21 	6.651
1.193	6.674
1.32 	6.746
1.27 	6.872
1.378	6.882
1.331	6.839
1.361	6.87 
1.383	6.905
1.332	6.866
1.354	6.795
1.346	6.809
1.424	6.804
1.437	6.769
1.439	6.728
1.396	6.799
1.366	6.732
1.353	6.758
1.322	6.757
1.364	6.714
1.408	6.742
1.458	6.728
1.424	6.757
1.393	6.689
1.391	6.736
1.327	6.662
1.317	6.633
1.295	6.676
> Residue POPC 166
4.833	2.102
4.755	2.148
4.813	2.08 
4.89 	2.073
4.815	2.122
4.776	2.082
4.689	2.046
4.63 	2.081
4.699	2.135
4.631	2.08 
4.516	2.075
4.54 	2.144
4.461	2.181
4.482	2.228
4.486	2.142
4.43 	2.239
4.371	2.156
4.388	2.174
4.406	2.192
4.404	2.137
4.427	2.146
4.525	2.127
4.523	2.177
4.469	2.209
4.46 	2.278
4.485	2.21 
4.441	2.226
4.412	2.244
4.422	2.166
4.52 	2.229
4.479	2.299
4.535	2.25 
4.51 	2.282
4.461	2.308
4.463	2.333
4.368	2.363
4.387	2.256
4.44 	2.333
4.389	2.302
4.401	2.31 
4.37 	2.276
4.42 	2.299
4.362	2.355
4.395	2.321
4.398	2.341
4.367	2.324
4.388	2.352
4.351	2.393
4.445	2.32 
4.359	2.285
4.419	2.323
> Residue POPC 167
7.176	3.665
7.108	3.617
7.058	3.624
7.115	3.708
7.068	3.653
7.094	3.695
7.059	3.669
7.036	3.642
7.089	3.663
7.065	3.595
7.036	3.592
7.133	3.517
7.109	3.511
7.083	3.561
6.995	3.565
7.105	3.501
6.969	3.582
7.048	3.592
6.958	3.488
7.014	3.569
7.004	3.531
7.037	3.605
7.104	3.657
7.075	3.626
7.048	3.595
7.142	3.559
7.103	3.575
7.143	3.592
7.13 	3.619
7.174	3.481
7.153	3.565
7.149	3.565
7.163	3.606
7.176	3.602
7.195	3.497
7.082	3.515
7.125	3.504
7.092	3.554
7.031	3.568
6.99 	3.586
7.081	3.617
7.04 	3.586
6.992	3.685
6.932	3.649
6.885	3.688
6.874	3.71 
6.916	3.676
6.884	3.677
6.906	3.669
6.857	3.593
6.94 	3.587
> Residue POPC 168
6.61 	4.439
6.627	4.373
6.525	4.332
6.59 	4.454
6.579	4.517
6.51 	4.483
6.596	4.513
6.56 	4.479
6.586	4.464
6.541	4.485
6.503	4.477
6.52 	4.425
6.503	4.401
6.512	4.475
6.402	4.415
6.527	4.412
6.413	4.383
6.391	4.419
6.409	4.432
6.39 	4.396
6.443	4.36 
6.409	4.325
6.44 	4.435
6.374	4.352
6.405	4.419
6.415	4.369
6.467	4.449
6.449	4.471
6.441	4.505
6.44 	4.428
6.488	4.41 
6.471	4.477
6.482	4.433
6.422	4.498
6.42 	4.425
6.443	4.391
6.41 	4.348
6.436	4.353
6.372	4.355
6.38 	4.367
6.348	4.449
6.369	4.405
6.351	4.459
6.336	4.454
6.262	4.436
6.307	4.525
6.31 	4.509
6.305	4.533
6.282	4.488
6.354	4.45 
6.333	4.465
> Residue POPC 169
8.412	5.587
8.419	5.551
8.463	5.585
8.356	5.494
8.369	5.494
8.294	5.425
8.312	5.468
8.36 	5.403
8.395	5.446
8.451	5.459
8.449	5.454
8.483	5.52 
8.384	5.587
8.525	5.502
8.36 	5.468
8.477	5.52 
8.501	5.528
8.476	5.61 
8.402	5.479
8.384	5.489
8.387	5.369
8.322	5.385
8.376	5.43 
8.256	5.36 
8.333	5.364
8.233	5.36 
8.295	5.415
8.442	5.494
8.439	5.495
8.383	5.431
8.36 	5.448
8.448	5.443
8.382	5.388
8.407	5.411
8.504	5.339
8.467	5.358
8.542	5.386
8.553	5.461
8.597	5.489
8.517	5.485
8.486	5.379
8.519	5.39 
8.679	5.418
8.571	5.489
8.549	5.591
8.461	5.594
8.502	5.3  
8.513	5.293
8.456	5.323
8.397	5.263
8.326	5.263
> Residue POPC 170
2.318	4.63 
2.367	4.627
2.228	4.624
2.204	4.522
2.211	4.542
2.173	4.58 
2.13 	4.724
2.139	4.617
2.13 	4.591
2.189	4.592
2.184	4.534
2.247	4.55 
2.154	4.57 
2.207	4.618
2.206	4.543
2.183	4.669
2.3  	4.624
2.239	4.652
2.151	4.576
2.096	4.629
2.241	4.65 
2.217	4.626
2.227	4.62 
2.257	4.589
2.329	4.557
2.332	4.601
2.335	4.545
2.248	4.675
2.21 	4.594
2.272	4.617
2.416	4.7  
2.307	4.661
2.32 	4.617
2.356	4.581
2.339	4.559
2.304	4.628
2.349	4.551
2.309	4.591
2.362	4.579
2.398	4.599
2.435	4.574
2.352	4.571
2.316	4.56 
2.433	4.527
2.367	4.472
2.278	4.519
2.247	4.577
2.263	4.547
2.316	4.573
2.198	4.571
2.185	4.605
> Residue POPC 171
2.189	8.603
2.195	8.672
2.202	8.685
2.129	8.644
2.075	8.676
2.084	8.531
2.081	8.576
2.019	8.57 
2.076	8.636
2.012	8.66 
2.062	8.67 
1.966	8.72 
2.025	8.642
1.982	8.681
1.98 	8.681
1.93 	8.648
1.974	8.695
1.965	8.646
1.949	8.502
2.014	8.617
1.987	8.683
2.036	8.579
2.007	8.645
2.009	8.594
1.979	8.622
1.95 	8.575
2.053	8.671
2.044	8.669
2.066	8.688
2.095	8.683
2.113	0.029
2.173	0.022
2.193	8.695
2.147	8.684
2.094	8.663
2.121	8.602
2.146	8.533
2.151	8.611
2.155	8.612
2.186	0.01 
2.212	8.611
2.231	0.011
2.175	0.003
2.116	8.63 
2.156	8.585
2.178	8.654
2.183	8.625
2.14 	8.596
2.149	8.637
2.055	8.507
2.033	8.545
> Residue POPC 172
3.833	2.002
3.779	2.022
3.839	2.051
3.886	2.019
3.815	1.981
3.781	1.907
3.69 	1.907
3.545	1.838
3.648	1.917
3.624	1.837
3.426	1.826
3.407	1.805
3.422	1.736
3.369	1.746
3.413	1.739
3.326	1.794
3.281	1.611
3.288	1.693
3.246	1.59 
3.273	1.541
3.295	1.609
3.336	1.567
3.349	1.665
3.324	1.623
3.313	1.606
3.308	1.53 
3.313	1.584
3.302	1.585
3.253	1.605
3.344	1.654
3.321	1.705
3.303	1.757
3.453	1.695
3.443	1.653
3.323	1.64 
3.316	1.663
3.246	1.698
3.354	1.763
3.335	1.795
3.261	1.847
3.26 	1.772
3.353	1.896
3.304	1.88 
3.352	1.857
3.382	1.884
3.358	1.94 
3.438	2.107
3.491	2.064
3.466	2.06 
3.392	2.048
3.402	2.093
> Residue POPC 173
4.299	3.224
4.343	3.263
4.288	3.245
4.311	3.26 
4.316	3.32 
4.336	3.308
4.31 	3.352
4.255	3.324
4.274	3.354
4.33 	3.299
4.284	3.249
4.328	3.231
4.293	3.243
4.317	3.235
4.291	3.179
4.295	3.25 
4.267	3.195
4.246	3.205
4.217	3.239
4.252	3.221
4.242	3.201
4.284	3.128
4.323	3.157
4.251	3.209
4.374	3.198
4.399	3.153
4.301	3.194
4.346	3.165
4.439	3.084
4.411	3.099
4.387	3.146
4.408	3.102
4.442	3.08 
4.472	3.126
4.456	3.027
4.448	3.063
4.434	3.04 
4.472	3.076
4.428	3.052
4.386	3.047
4.423	3.018
4.379	2.996
4.39 	2.994
4.395	2.983
4.381	3.011
4.322	3.103
4.393	3.137
4.354	3.122
4.357	3.017
4.302	2.978
4.393	2.988
> Residue POPC 174
7.551	2.837
7.519	2.848
7.452	2.866
7.406	2.818
7.396	2.811
7.397	2.891
7.338	2.913
7.294	2.867
7.307	2.816
7.344	2.851
7.213	2.885
7.25 	2.811
7.299	2.756
7.339	2.814
7.33 	2.892
7.371	2.755
7.264	2.85 
7.295	2.808
7.268	2.768
7.334	2.74 
7.341	2.713
7.443	2.794
7.381	2.821
7.427	2.748
7.404	2.84 
7.463	2.798
7.558	2.831
7.493	2.848
7.496	2.829
7.429	2.715
7.459	2.776
7.481	2.757
7.444	2.715
7.52 	2.786
7.523	2.787
7.362	2.773
7.497	2.753
7.495	2.777
7.489	2.822
7.544	2.883
7.612	2.835
7.491	2.755
7.38 	2.644
7.395	2.684
7.377	2.632
7.31 	2.741
7.374	2.722
7.389	2.706
7.394	2.738
7.338	2.681
7.413	2.701
> Residue POPC 175
6.802	0.12 
6.849	0.085
6.769	0.089
6.829	0.041
6.744	0.163
6.77 	0.182
6.821	0.346
6.733	0.297
6.824	0.147
6.842	0.172
6.831	0.194
6.782	0.236
6.688	0.156
6.747	0.228
6.708	0.275
6.696	0.234
6.689	0.242
6.707	0.278
6.699	0.256
6.741	0.16 
6.798	0.215
6.74 	0.175
6.821	0.199
6.881	0.189
6.886	0.187
6.819	0.229
6.827	0.179
6.802	0.2  
6.812	0.194
6.859	0.228
6.864	0.214
6.945	0.144
6.843	0.149
6.807	0.216
6.883	0.205
6.836	0.123
6.925	0.191
6.937	0.225
6.915	0.14 
6.915	0.171
6.986	0.129
6.943	0.122
7.022	0.106
6.968	0.157
6.907	0.227
6.876	0.323
6.917	0.336
6.882	0.259
6.951	0.199
6.941	0.284
6.928	0.304
> Residue POPC 176
8.19 	2.076
8.18 	2.087
8.163	2.127
8.143	2.095
8.161	2.171
8.122	2.227
8.186	2.354
8.092	2.286
8.109	2.156
8.173	2.214
8.049	2.248
8.075	2.187
8.076	2.163
8.153	2.182
8.121	2.27 
8.202	2.149
8.091	2.187
8.171	2.243
8.04 	2.117
8.061	2.163
8.067	2.18 
8.149	2.183
8.129	2.166
8.211	2.152
8.236	2.226
8.317	2.245
8.327	2.256
8.348	2.248
8.299	2.229
8.4  	2.099
8.276	2.081
8.358	2.124
8.308	2.024
8.41 	2.063
8.43 	2.137
8.382	2.092
8.348	2.094
8.394	2.116
8.236	2.176
8.28 	2.212
8.391	2.146
8.333	2.123
8.21 	2.062
8.252	2.06 
8.196	2.109
8.23 	2.152
8.279	2.039
8.2  	2.055
8.215	2.043
8.186	2.002
8.246	2.017
> Residue POPC 177
6.233	8.216
6.188	8.224
6.177	8.159
6.132	8.121
6.181	8.225
6.122	8.256
6.176	8.336
6.168	8.268
6.213	8.252
6.206	8.23 
6.195	8.237
6.183	8.244
6.103	8.153
6.171	8.252
6.081	8.287
6.033	8.276
6.091	8.265
6.144	8.315
6.077	8.276
6.076	8.328
6.133	8.309
6.075	8.204
6.172	8.322
6.123	8.269
6.149	8.277
6.095	8.282
6.168	8.285
6.211	8.332
6.196	8.234
6.201	8.259
6.184	8.306
6.188	8.249
6.136	8.34 
6.111	8.401
6.11 	8.338
6.118	8.298
6.16 	8.264
6.143	8.275
6.139	8.191
6.104	8.239
6.185	8.255
6.191	8.217
6.225	8.291
6.147	8.38 
6.212	8.354
6.204	8.431
6.171	8.467
6.211	8.345
6.097	8.35 
6.104	8.327
6.118	8.391
> Residue POPC 178
5.616	7.673
5.626	7.647
5.61 	7.614
5.529	7.594
5.637	7.63 
5.514	7.658
5.612	7.669
5.617	7.617
5.549	7.692
5.537	7.705
5.463	7.746
5.455	7.771
5.421	7.706
5.499	7.808
5.439	7.775
5.39 	7.776
5.453	7.766
5.508	7.653
5.464	7.699
5.504	7.679
5.517	7.729
5.492	7.618
5.555	7.757
5.555	7.697
5.591	7.654
5.532	7.698
5.538	7.721
5.552	7.776
5.541	7.757
5.493	7.759
5.521	7.785
5.502	7.78 
5.498	7.793
5.48 	7.795
5.467	7.791
5.429	7.744
5.484	7.774
5.419	7.786
5.417	7.744
5.424	7.779
5.502	7.79 
5.489	7.728
5.573	7.799
5.465	7.779
5.545	7.722
5.558	7.787
5.544	7.827
5.523	7.763
5.468	7.722
5.457	7.703
5.401	7.716
> Residue POPC 179
5.215	1.35 
5.169	1.236
5.165	1.206
5.116	1.215
5.081	1.278
5.047	1.221
5.075	1.251
4.982	1.301
5.116	1.331
5.114	1.285
5.08	1.24
5.066	1.336
5.07	1.31
5.081	1.35 
5.138	1.38 
5.077	1.366
5.094	1.267
5.093	1.275
5.065	1.396
5.004	1.277
4.978	1.268
5.062	1.256
5.114	1.276
5.126	1.307
5.227	1.395
5.161	1.378
5.226	1.419
5.148	1.454
5.096	1.393
5.14 	1.373
5.147	1.429
5.097	1.433
5.053	1.452
5.026	1.5  
5.082	1.414
5.094	1.426
5.101	1.404
5.114	1.451
5.135	1.392
5.207	1.473
5.2 	1.39
5.195	1.446
5.169	1.484
5.034	1.467
5.074	1.46 
5.046	1.494
5.017	1.475
5.062	1.538
4.998	1.488
4.936	1.467
5.086	1.501
> Residue POPC 180
2.042	7.85 
2.095	7.86 
2.159	7.87 
2.093	7.82 
2.173	7.922
2.07 	7.826
2.087	7.926
2.042	7.894
2.076	7.918
2.008	7.898
1.93 	7.835
1.89 	7.977
1.928	7.883
1.94 	7.922
1.899	7.943
1.936	7.899
1.969	8.05 
1.972	7.932
1.903	7.872
1.922	7.915
1.916	7.943
1.961	7.892
1.959	8.039
1.951	7.912
1.946	7.952
1.932	7.931
2.   	8.007
2.008	7.954
1.999	7.968
1.999	7.916
2.024	7.917
2.103	8.009
2.11 	7.878
2.127	7.88 
2.065	7.921
2.114	7.903
2.106	7.897
2.067	7.91 
2.067	7.873
2.049	7.884
2.127	7.879
2.116	7.885
2.128	7.914
2.13 	7.846
2.115	7.865
2.182	7.847
2.187	7.88 
2.126	7.858
2.073	7.914
1.991	7.828
1.987	7.81 
> Residue POPC 181
8.499	6.913
8.436	6.994
8.424	7.027
8.4  	6.976
8.497	6.925
8.45 	6.813
8.509	6.88 
8.433	6.788
8.534	6.789
8.51	6.78
8.482	6.837
8.626	6.899
8.495	6.955
8.528	6.864
8.479	6.932
8.549	6.963
8.573	6.926
8.662	6.996
8.543	6.914
8.558	6.93 
8.664	6.833
8.573	6.826
8.651	6.862
8.605	6.818
8.614	6.922
8.515	6.763
8.659	6.861
8.61 	6.993
8.667	7.073
8.545	6.948
8.611	6.994
8.682	6.964
0.031	6.881
0.01 	6.919
8.716	6.797
0.023	6.832
0.063	6.825
0.014	6.95 
8.693	7.015
0.043	6.904
0.048	6.826
0.016	6.903
0.102	6.9  
8.673	6.955
0.136	6.961
0.055	6.974
0.025	6.841
8.677	6.875
8.629	6.852
8.592	6.701
8.617	6.72 
> Residue POPC 182
4.283	8.483
4.269	8.38 
4.306	8.407
4.213	8.384
4.343	8.429
4.232	8.302
4.277	8.379
4.264	8.377
4.303	8.478
4.321	8.455
4.19 	8.385
4.321	8.38 
4.256	8.358
4.312	8.4  
4.326	8.389
4.278	8.398
4.29 	8.385
4.412	8.394
4.354	8.35 
4.317	8.398
4.301	8.442
4.326	8.343
4.373	8.444
4.368	8.395
4.395	8.413
4.348	8.352
4.387	8.382
4.458	8.407
4.399	8.378
4.407	8.336
4.416	8.393
4.502	8.417
4.434	8.407
4.406	8.419
4.449	8.415
4.523	8.441
4.596	8.407
4.538	8.441
4.446	8.35 
4.465	8.345
4.488	8.372
4.541	8.356
4.599	8.433
4.519	8.4  
4.538	8.333
4.585	8.443
4.562	8.454
4.537	8.371
4.534	8.357
4.498	8.4  
4.447	8.399
> Residue POPC 183
7.753	5.332
7.748	5.311
7.778	5.333
7.728	5.37 
7.748	5.348
7.636	5.383
7.643	5.38 
7.655	5.281
7.638	5.322
7.711	5.312
7.735	5.333
7.847	5.36 
7.761	5.361
7.805	5.292
7.703	5.247
7.857	5.272
7.785	5.279
7.859	5.369
7.785	5.288
7.716	5.333
7.789	5.264
7.751	5.227
7.841	5.256
7.775	5.189
7.79 	5.231
7.743	5.165
7.815	5.237
7.834	5.242
7.855	5.233
7.874	5.166
7.875	5.241
7.973	5.297
7.89 	5.212
7.929	5.278
7.905	5.183
7.908	5.188
7.99 	5.123
8.016	5.177
7.981	5.124
7.951	5.182
7.969	5.077
7.974	5.125
8.062	5.108
7.95 	5.172
7.958	5.2  
7.964	5.173
8.   	5.161
8.011	5.226
7.993	5.157
7.906	5.06 
7.923	5.106
> Residue POPC 184
5.881	0.273
5.884	0.243
5.85 	0.262
5.821	0.244
5.821	0.293
5.784	0.282
5.894	0.302
5.798	0.272
5.786	0.257
5.971	0.3  
5.94 	0.359
5.848	0.344
5.802	0.271
5.783	0.302
5.849	0.312
5.866	0.318
5.843	0.274
5.874	0.269
5.887	0.312
5.811	0.251
5.898	0.225
5.888	0.187
5.97 	0.236
5.952	0.225
5.989	0.289
5.902	0.218
5.958	0.277
5.913	0.338
5.917	0.248
5.936	0.258
5.914	0.295
5.943	0.277
5.914	0.366
5.814	0.35 
5.929	0.351
5.854	0.361
5.935	0.335
5.939	0.268
5.949	0.23 
5.934	0.329
5.957	0.31 
5.933	0.336
5.964	0.342
5.782	0.349
5.789	0.363
5.789	0.405
5.758	0.421
5.84 	0.373
5.788	0.416
5.74 	0.345
5.778	0.332
> Residue POPC 185
4.302	1.696
4.25 	1.739
4.326	1.703
4.385	1.744
4.312	1.76 
4.281	1.712
4.285	1.686
4.234	1.689
4.303	1.736
4.211	1.638
4.131	1.672
4.133	1.744
4.202	1.707
4.22 	1.717
4.234	1.624
4.159	1.691
4.159	1.646
4.092	1.667
4.191	1.639
4.216	1.604
4.151	1.629
4.224	1.614
4.261	1.659
4.26 	1.666
4.283	1.712
4.264	1.632
4.323	1.645
4.243	1.702
4.146	1.638
4.221	1.665
4.216	1.682
4.255	1.709
4.227	1.672
4.225	1.634
4.27 	1.595
4.223	1.578
4.176	1.467
4.286	1.476
4.214	1.503
4.19 	1.602
4.148	1.583
4.225	1.615
4.171	1.708
4.132	1.668
4.116	1.702
4.076	1.712
4.077	1.672
4.133	1.621
4.125	1.681
4.033	1.678
4.087	1.718
> Residue POPC 186
7.439	6.557
7.395	6.553
7.372	6.516
7.348	6.501
7.417	6.495
7.352	6.495
7.397	6.594
7.349	6.455
7.348	6.468
7.351	6.459
7.324	6.492
7.378	6.555
7.341	6.545
7.391	6.575
7.295	6.538
7.332	6.559
7.363	6.559
7.455	6.511
7.383	6.61 
7.312	6.584
7.412	6.546
7.295	6.494
7.374	6.553
7.348	6.504
7.375	6.55 
7.256	6.475
7.335	6.547
7.396	6.551
7.43 	6.681
7.37 	6.476
7.377	6.596
7.382	6.546
7.376	6.596
7.339	6.545
7.318	6.476
7.352	6.441
7.382	6.391
7.4  	6.461
7.352	6.472
7.356	6.507
7.362	6.515
7.385	6.503
7.413	6.524
7.321	6.599
7.4  	6.585
7.366	6.556
7.427	6.546
7.447	6.565
7.355	6.543
7.347	6.454
7.325	6.484
> Residue POPC 187
8.22 	6.247
8.199	6.219
8.2  	6.261
8.163	6.228
8.252	6.247
8.251	6.17 
8.274	6.228
8.139	6.097
8.185	6.081
8.232	6.095
8.169	6.133
8.274	6.193
8.156	6.231
8.281	6.175
8.173	6.147
8.239	6.24 
8.233	6.221
8.296	6.221
8.237	6.181
8.182	6.21 
8.18 	6.182
8.131	6.167
8.203	6.168
8.116	6.137
8.206	6.155
8.14 	6.107
8.248	6.143
8.227	6.134
8.329	6.157
8.239	6.068
8.172	6.161
8.274	6.163
8.254	6.116
8.327	6.112
8.355	5.979
8.33	6.03
8.409	6.051
8.404	6.093
8.369	6.125
8.347	6.098
8.313	6.13 
8.326	6.151
8.385	6.147
8.264	6.252
8.334	6.241
8.317	6.265
8.265	6.132
8.315	6.175
8.324	6.18 
8.243	6.13 
8.293	6.146
> Residue POPC 188
8.205	1.585
8.074	1.62 
8.068	1.601
8.085	1.566
8.042	1.683
8.032	1.663
8.075	1.826
8.143	1.814
8.164	1.74 
8.193	1.832
8.125	1.789
8.167	1.779
8.146	1.777
8.23 	1.832
8.153	1.919
8.225	1.762
8.207	1.871
8.189	1.889
8.089	1.722
8.109	1.771
8.113	1.78 
8.142	1.774
8.186	1.798
8.195	1.847
8.162	1.917
8.146	1.939
8.194	1.914
8.151	1.922
8.073	1.842
8.139	1.804
8.115	1.735
8.173	1.672
8.098	1.653
8.188	1.714
8.187	1.72 
8.214	1.669
8.262	1.67 
8.254	1.709
8.134	1.737
8.186	1.681
8.306	1.639
8.224	1.668
8.172	1.577
8.139	1.61 
8.122	1.603
8.192	1.652
8.207	1.554
8.183	1.52 
8.187	1.48 
8.145	1.491
8.232	1.492
> Residue POPC 189
6.476	1.575
6.396	1.55 
6.331	1.588
6.327	1.542
6.272	1.626
6.259	1.594
6.245	1.719
6.164	1.666
6.22 	1.635
6.235	1.645
6.18 	1.613
6.189	1.568
6.137	1.552
6.136	1.601
6.103	1.683
6.111	1.663
6.121	1.712
6.119	1.641
6.033	1.603
6.029	1.571
6.076	1.53 
6.134	1.655
6.133	1.63 
6.197	1.671
6.211	1.675
6.188	1.645
6.193	1.668
6.222	1.659
6.131	1.636
6.176	1.614
6.159	1.614
6.293	1.556
6.237	1.626
6.3  	1.645
6.232	1.668
6.262	1.551
6.232	1.591
6.265	1.598
6.21 	1.544
6.365	1.577
6.37 	1.576
6.445	1.579
6.379	1.57 
6.326	1.649
6.318	1.641
6.281	1.753
6.191	1.799
6.255	1.75 
6.282	1.71 
6.266	1.708
6.403	1.685
> Residue POPC 190
5.57 	3.329
5.56 	3.285
5.486	3.256
5.504	3.234
5.485	3.331
5.448	3.298
5.437	3.342
5.448	3.332
5.428	3.339
5.451	3.314
5.389	3.221
5.434	3.294
5.479	3.188
5.449	3.201
5.386	3.215
5.457	3.206
5.347	3.145
5.367	3.161
5.365	3.204
5.389	3.135
5.441	3.15 
5.466	3.216
5.449	3.257
5.42 	3.235
5.489	3.303
5.528	3.244
5.474	3.244
5.484	3.288
5.526	3.318
5.559	3.295
5.587	3.311
5.572	3.273
5.591	3.303
5.594	3.331
5.548	3.267
5.537	3.301
5.51 	3.285
5.508	3.242
5.477	3.241
5.402	3.261
5.494	3.266
5.495	3.257
5.536	3.208
5.481	3.3  
5.48 	3.323
5.399	3.343
5.384	3.357
5.397	3.33 
5.395	3.281
5.325	3.233
5.415	3.325
> Residue POPC 191
0.83 	0.856
0.808	0.911
0.769	0.847
0.836	0.785
0.8 	0.81
0.85 	0.843
0.768	0.989
0.818	0.924
0.855	0.85 
0.797	0.894
0.748	0.938
0.786	0.895
0.806	0.855
0.841	0.854
0.805	0.894
0.869	0.935
0.87	0.99
0.876	0.902
0.932	0.917
0.929	0.86 
0.909	0.884
0.885	0.797
0.837	0.83 
0.77 	0.793
0.857	0.895
0.833	0.795
0.903	0.824
0.914	0.832
0.812	0.822
0.996	0.868
0.97 	0.803
0.924	0.834
0.982	0.786
0.963	0.777
1.011	0.7  
1.124	0.763
1.179	0.739
1.191	0.771
1.087	0.83 
1.127	0.855
1.148	0.735
1.178	0.804
1.157	0.78 
1.168	0.767
1.165	0.777
1.111	0.717
1.151	0.722
1.14 	0.801
1.192	0.775
1.084	0.688
1.094	0.68 
> Residue POPC 192
2.967	3.583
2.991	3.55 
2.894	3.49 
2.892	3.44 
2.893	3.459
2.892	3.559
2.973	3.661
2.936	3.598
2.995	3.553
3.001	3.559
2.931	3.529
3.   	3.502
3.006	3.534
3.017	3.613
2.954	3.557
2.945	3.637
2.995	3.584
2.971	3.523
2.913	3.483
2.85 	3.476
2.909	3.488
3.002	3.513
3.007	3.544
2.942	3.542
3.04 	3.534
3.009	3.486
3.032	3.564
3.   	3.551
3.032	3.498
3.085	3.568
3.033	3.55 
3.076	3.596
3.126	3.529
3.068	3.413
3.085	3.48 
3.072	3.44 
3.101	3.41 
3.148	3.379
3.055	3.386
3.12 	3.416
3.156	3.401
3.147	3.428
3.095	3.356
3.083	3.394
3.085	3.436
3.063	3.413
3.035	3.419
3.043	3.378
3.085	3.388
3.022	3.391
3.039	3.366
> Residue POPC 193
7.421	1.494
7.36 	1.506
7.337	1.475
7.282	1.472
7.216	1.556
7.224	1.582
7.251	1.683
7.206	1.656
7.16 	1.623
7.237	1.672
7.242	1.639
7.14 	1.594
7.175	1.577
7.316	1.646
7.158	1.681
7.26 	1.719
7.169	1.701
7.282	1.68 
7.155	1.674
7.144	1.668
7.162	1.635
7.249	1.692
7.276	1.715
7.249	1.746
7.275	1.771
7.281	1.714
7.322	1.647
7.321	1.589
7.32 	1.709
7.324	1.653
7.288	1.702
7.359	1.664
7.298	1.695
7.349	1.762
7.324	1.779
7.336	1.708
7.311	1.755
7.291	1.782
7.237	1.723
7.334	1.717
7.406	1.683
7.403	1.604
7.432	1.461
7.395	1.482
7.389	1.489
7.412	1.5  
7.358	1.467
7.373	1.473
7.378	1.42 
7.313	1.383
7.392	1.463
> Residue POPC 194
1.243	3.662
1.314	3.673
1.291	3.648
1.235	3.554
1.22 	3.659
1.293	3.683
1.306	3.819
1.205	3.764
1.22 	3.671
1.305	3.679
1.226	3.676
1.278	3.639
1.239	3.602
1.284	3.669
1.158	3.71 
1.151	3.731
1.207	3.694
1.198	3.704
1.1  	3.696
1.076	3.651
1.144	3.674
1.153	3.72 
1.144	3.713
1.244	3.66 
1.335	3.687
1.412	3.68 
1.413	3.613
1.338	3.701
1.274	3.638
1.282	3.642
1.273	3.696
1.224	3.7  
1.323	3.633
1.381	3.579
1.358	3.648
1.326	3.668
1.353	3.659
1.358	3.661
1.341	3.682
1.338	3.737
1.411	3.68 
1.397	3.69 
1.385	3.61 
1.381	3.685
1.278	3.73 
1.329	3.748
1.257	3.765
1.316	3.725
1.426	3.722
1.252	3.729
1.316	3.649
> Residue POPC 195
3.2  	1.472
3.192	1.515
3.28 	1.504
3.281	1.511
3.243	1.412
3.236	1.407
3.159	1.465
3.149	1.53 
3.16 	1.509
3.187	1.408
3.063	1.451
3.132	1.51 
3.127	1.435
3.146	1.504
3.056	1.46 
3.073	1.529
3.006	1.4  
3.015	1.393
3.021	1.39 
3.049	1.323
3.006	1.32 
3.09 	1.256
3.12 	1.288
3.106	1.323
3.135	1.405
3.053	1.36 
3.056	1.372
3.009	1.381
2.993	1.332
3.087	1.389
3.029	1.461
3.022	1.468
3.104	1.473
3.059	1.392
3.004	1.392
2.999	1.353
2.952	1.351
3.029	1.331
2.979	1.383
2.91 	1.372
2.953	1.312
2.965	1.342
2.914	1.394
2.841	1.357
2.855	1.341
2.832	1.377
2.869	1.489
2.83 	1.476
2.855	1.436
2.782	1.467
2.778	1.488
> Residue POPC 196
1.43 	2.552
1.424	2.571
1.376	2.529
1.407	2.533
1.318	2.5  
1.365	2.57 
1.375	2.607
1.371	2.555
1.311	2.585
1.395	2.609
1.302	2.645
1.319	2.607
1.415	2.552
1.417	2.59 
1.347	2.662
1.405	2.666
1.381	2.694
1.38 	2.689
1.335	2.633
1.332	2.64 
1.322	2.606
1.412	2.58 
1.284	2.603
1.371	2.547
1.397	2.57 
1.375	2.519
1.404	2.49 
1.307	2.54 
1.341	2.547
1.421	2.612
1.4  	2.623
1.393	2.59 
1.431	2.586
1.438	2.494
1.415	2.477
1.316	2.505
1.324	2.58 
1.31	2.53
1.276	2.518
1.268	2.578
1.344	2.524
1.33 	2.563
1.184	2.536
1.218	2.576
1.201	2.517
1.156	2.611
1.267	2.516
1.229	2.577
1.189	2.561
1.136	2.549
1.207	2.529
> Residue POPC 197
4.108	0.752
4.094	0.804
4.017	0.934
4.03 	0.974
4.031	0.91 
4.034	0.881
4.021	0.902
3.969	0.95 
4.004	1.001
4.017	0.86 
3.965	0.933
3.958	0.951
3.998	0.939
4.023	0.964
3.995	0.888
3.967	0.931
3.885	0.876
3.885	0.822
3.876	0.81 
3.782	0.831
3.772	0.75 
3.801	0.81 
3.815	0.804
3.829	0.84 
3.881	0.852
3.849	0.759
3.912	0.817
3.943	0.827
3.908	0.737
3.914	0.745
3.919	0.779
3.941	0.766
3.94 	0.704
3.814	0.67 
3.847	0.658
3.892	0.655
3.943	0.652
3.962	0.617
3.921	0.685
4.022	0.722
4.084	0.674
4.148	0.758
4.141	0.734
3.943	0.705
3.981	0.735
3.928	0.751
3.847	0.793
3.825	0.728
3.899	0.758
3.754	0.781
3.785	0.792
> Residue POPC 198
7.123	2.298
7.047	2.337
7.106	2.332
7.115	2.325
7.089	2.36 
7.112	2.371
6.995	2.494
6.944	2.417
6.963	2.336
6.974	2.404
6.896	2.332
6.815	2.367
6.877	2.31 
6.897	2.333
6.813	2.365
6.892	2.318
6.878	2.384
6.931	2.305
6.82 	2.344
6.922	2.362
6.848	2.286
6.948	2.306
6.926	2.35 
6.933	2.34 
6.927	2.306
6.927	2.329
6.979	2.283
6.973	2.233
6.893	2.305
6.926	2.247
6.876	2.35 
7.009	2.311
6.944	2.363
7.006	2.353
6.955	2.372
6.902	2.316
6.942	2.31 
7.002	2.319
6.936	2.284
6.97 	2.288
7.012	2.274
7.041	2.261
6.971	2.209
7.029	2.323
6.907	2.316
6.953	2.335
6.949	2.365
6.983	2.309
6.902	2.286
6.854	2.313
6.877	2.354
> Residue POPC 199
1.377	8.733
1.318	8.758
1.338	8.721
1.326	8.694
1.316	8.687
1.333	8.68 
1.213	8.792
1.152	8.678
1.246	8.684
1.205	8.75 
1.292	8.744
1.210e+00	8.087e-04
1.2  	8.702
1.175	8.766
1.189	8.777
1.108	8.79 
1.151	0.062
1.138	8.757
1.092	8.669
1.159	8.74 
1.093	8.739
1.131	8.66 
1.104	8.724
1.083	8.667
1.139	0.052
1.072	8.704
1.112	0.046
1.157	0.045
1.042	0.072
1.174	0.04 
1.205	8.643
1.223	8.665
1.267	8.577
1.213	8.562
1.199	8.574
1.181	8.541
1.192	8.561
1.25 	8.587
1.255	8.623
1.257	8.62 
1.268	8.569
1.251	8.608
1.272	8.563
1.32 	8.595
1.292	8.584
1.284	8.496
1.289	8.551
1.302	8.588
1.196	8.572
1.157	8.516
1.083	8.541
> Residue POPC 200
6.852	7.542
6.798	7.543
6.792	7.497
6.732	7.461
6.787	7.552
6.711	7.535
6.762	7.639
6.784	7.537
6.791	7.505
6.791	7.501
6.832	7.567
6.786	7.588
6.746	7.48 
6.841	7.578
6.769	7.546
6.724	7.576
6.741	7.508
6.785	7.488
6.75 	7.463
6.713	7.5  
6.767	7.482
6.673	7.363
6.777	7.506
6.732	7.412
6.721	7.441
6.677	7.356
6.731	7.42 
6.758	7.433
6.807	7.389
6.761	7.368
6.764	7.412
6.796	7.391
6.691	7.411
6.714	7.465
6.732	7.489
6.725	7.395
6.825	7.4  
6.851	7.49 
6.814	7.432
6.788	7.486
6.843	7.474
6.79 	7.414
6.881	7.492
6.778	7.585
6.825	7.48 
6.792	7.552
6.819	7.576
6.802	7.512
6.677	7.572
6.778	7.512
6.724	7.523
> Residue POPC 201
2.221	2.269
2.174	2.28 
2.188	2.21 
2.229	2.239
2.226	2.226
2.224	2.248
2.296	2.326
2.274	2.298
2.262	2.239
2.195	2.21 
2.179	2.337
2.155	2.229
2.254	2.19 
2.268	2.298
2.251	2.354
2.272	2.374
2.337	2.452
2.284	2.383
2.26 	2.316
2.287	2.353
2.193	2.344
2.309	2.346
2.241	2.365
2.22 	2.337
2.251	2.351
2.265	2.239
2.291	2.214
2.18 	2.281
2.198	2.276
2.304	2.331
2.249	2.373
2.253	2.393
2.264	2.323
2.248	2.287
2.318	2.346
2.174	2.379
2.16 	2.403
2.169	2.375
2.229	2.456
2.247	2.436
2.2 	2.42
2.292	2.45 
2.183	2.428
2.2  	2.368
2.222	2.391
2.19 	2.414
2.138	2.414
2.042	2.451
2.119	2.46 
2.086	2.515
2.111	2.509
> Residue POPC 202
6.741	8.284
6.744	8.274
6.633	8.209
6.616	8.175
6.645	8.273
6.583	8.194
6.673	8.324
6.585	8.264
6.602	8.227
6.636	8.257
6.652	8.255
6.655	8.277
6.556	8.198
6.548	8.284
6.559	8.257
6.457	8.287
6.54 	8.288
6.662	8.271
6.642	8.249
6.674	8.289
6.726	8.188
6.624	8.092
6.746	8.255
6.719	8.147
6.673	8.173
6.725	8.086
6.765	8.119
6.806	8.21 
6.747	8.126
6.766	8.166
6.801	8.145
6.83 	8.144
6.8  	8.129
6.672	8.194
6.746	8.233
6.766	8.126
6.833	8.096
6.908	8.174
6.81 	8.099
6.813	8.124
6.9  	8.108
6.849	8.071
6.902	8.116
6.75 	8.191
6.862	8.178
6.844	8.214
6.88 	8.282
6.865	8.177
6.83 	8.178
6.885	8.205
6.896	8.215
> Residue POPC 203
6.623	0.797
6.629	0.788
6.598	0.831
6.568	0.768
6.509	0.872
6.534	0.91 
6.614	0.999
6.488	0.95 
6.575	0.84 
6.638	0.949
6.64 	0.939
6.609	0.911
6.557	0.857
6.618	0.893
6.54 	0.928
6.578	0.944
6.526	0.943
6.523	0.955
6.544	1.006
6.531	0.904
6.588	0.938
6.632	0.99 
6.668	1.071
6.654	1.08 
6.655	1.049
6.592	1.045
6.632	1.052
6.659	1.054
6.667	1.043
6.635	0.946
6.648	1.011
6.725	0.937
6.698	1.01 
6.614	1.013
6.672	0.991
6.725	0.898
6.728	0.972
6.733	0.939
6.669	0.851
6.755	0.895
6.739	0.899
6.738	0.848
6.7  	0.871
6.593	0.931
6.581	0.952
6.551	1.062
6.488	1.097
6.509	1.045
6.494	0.993
6.415	0.957
6.432	0.953
> Residue POPC 204
0.228	2.496
0.189	2.533
0.135	2.534
0.138	2.49 
0.121	2.513
0.149	2.57 
0.162	2.663
0.124	2.569
0.054	2.502
0.078	2.577
0.018	2.578
0.024	2.513
0.124	2.437
0.106	2.528
0.106	2.618
0.147	2.53 
0.091	2.565
0.088	2.578
0.045	2.516
0.006	2.528
0.006	2.528
0.146	2.52 
0.02 	2.546
0.089	2.575
0.121	2.639
0.262	2.632
0.217	2.686
0.147	2.709
0.162	2.615
0.228	2.481
0.147	2.493
0.203	2.455
0.167	2.444
0.241	2.487
0.265	2.486
0.219	2.464
0.212	2.519
0.179	2.555
0.122	2.587
0.178	2.62 
0.199	2.572
0.166	2.555
0.034	2.513
0.099	2.479
0.095	2.539
0.053	2.568
0.141	2.546
0.089	2.526
0.09 	2.446
0.132	2.476
0.121	2.459
> Residue POPC 205
1.13	1.89
1.044	1.922
1.053	1.893
1.023	1.91 
0.993	1.876
1.001	1.924
0.973	1.982
0.958	1.931
0.94 	1.878
0.948	1.946
0.867	1.987
0.893	1.923
0.967	1.936
0.956	1.929
0.984	2.005
1.017	1.984
1.012	1.99 
0.998	1.959
0.905	1.933
0.982	1.91 
0.855	1.9  
0.907	1.882
0.847	1.911
0.815	1.833
0.883	1.898
0.804	1.814
0.872	1.841
0.812	1.829
0.77 	1.848
0.848	1.85 
0.841	1.874
0.836	1.873
0.93 	1.819
0.901	1.782
0.867	1.825
0.909	1.819
0.939	1.8  
0.937	1.826
0.902	1.862
0.894	1.866
0.955	1.744
0.95 	1.808
0.813	1.835
0.871	1.801
0.848	1.802
0.824	1.871
0.853	1.767
0.755	1.818
0.811	1.765
0.807	1.73 
0.844	1.785
> Residue POPC 206
1.634	0.286
1.585	0.33 
1.547	0.329
1.571	0.32 
1.509	0.337
1.556	0.307
1.483	0.363
1.471	0.315
1.55 	0.308
1.498	0.29 
1.575	0.302
1.5  	0.337
1.551	0.317
1.405	0.368
1.514	0.406
1.505	0.389
1.464	0.439
1.457	0.364
1.396	0.366
1.49 	0.343
1.419	0.342
1.456	0.319
1.495	0.367
1.443	0.306
1.541	0.375
1.491	0.267
1.523	0.368
1.548	0.387
1.439	0.354
1.58 	0.411
1.534	0.365
1.516	0.403
1.604	0.31 
1.544	0.284
1.545	0.293
1.539	0.286
1.575	0.244
1.559	0.274
1.52 	0.311
1.586	0.347
1.581	0.234
1.663	0.31 
1.626	0.284
1.587	0.301
1.591	0.282
1.551	0.254
1.591	0.264
1.555	0.271
1.479	0.267
1.446	0.239
1.442	0.229
> Residue POPC 207
8.192	7.233
8.11	7.28
8.08	7.24
8.063	7.197
8.115	7.218
8.081	7.201
8.115	7.299
8.035	7.15 
8.056	7.162
8.042	7.139
8.068	7.184
8.153	7.267
8.017	7.3  
8.118	7.251
8.127	7.304
8.142	7.381
8.158	7.318
8.213	7.324
8.149	7.339
8.163	7.408
8.327	7.277
8.246	7.223
8.319	7.264
8.285	7.245
8.278	7.303
8.219	7.252
8.39 	7.244
8.361	7.346
8.438	7.365
8.244	7.347
8.258	7.403
8.3  	7.358
8.274	7.315
8.204	7.29 
8.29 	7.231
8.217	7.209
8.301	7.286
8.315	7.367
8.305	7.398
8.317	7.384
8.357	7.345
8.357	7.388
8.378	7.336
8.311	7.433
8.369	7.459
8.326	7.388
8.33 	7.373
8.282	7.349
8.206	7.393
8.196	7.284
8.205	7.293
> Residue POPC 208
6.544	6.632
6.544	6.626
6.555	6.633
6.481	6.602
6.533	6.609
6.464	6.638
6.491	6.662
6.523	6.591
6.461	6.546
6.505	6.557
6.519	6.569
6.606	6.577
6.514	6.54 
6.564	6.589
6.483	6.57 
6.562	6.558
6.532	6.537
6.562	6.605
6.538	6.617
6.439	6.649
6.495	6.609
6.404	6.545
6.525	6.646
6.458	6.499
6.511	6.505
6.402	6.508
6.498	6.563
6.511	6.617
6.509	6.613
6.507	6.606
6.508	6.618
6.527	6.632
6.551	6.629
6.527	6.696
6.645	6.686
6.655	6.638
6.696	6.577
6.682	6.668
6.603	6.614
6.631	6.691
6.648	6.624
6.711	6.588
6.749	6.603
6.68 	6.659
6.644	6.656
6.663	6.674
6.595	6.707
6.607	6.633
6.589	6.602
6.622	6.548
6.598	6.57 
> Residue POPC 209
7.334	0.998
7.292	1.032
7.347	0.991
7.253	0.941
7.18	1.07
7.238	1.029
7.301	1.141
7.242	1.147
7.26 	1.102
7.313	1.132
7.274	1.055
7.238	1.096
7.226	1.048
7.259	1.073
7.145	1.077
7.22	1.05
7.158	1.068
7.146	1.078
7.117	1.085
7.112	1.009
7.174	1.001
7.21 	1.061
7.216	1.063
7.172	1.138
7.199	1.125
7.174	1.114
7.139	1.085
7.167	1.03 
7.163	1.083
7.2  	1.018
7.141	1.075
7.159	0.998
7.092	1.062
7.098	1.132
7.124	1.061
7.152	0.986
7.143	1.06 
7.123	1.093
7.086	1.156
7.159	1.22 
7.173	1.206
7.18 	1.117
7.225	1.021
7.102	1.124
7.116	1.108
7.05 	1.221
7.036	1.227
7.08 	1.189
7.057	1.246
7.026	1.211
7.094	1.251
> Residue POPC 210
2.759e-03	4.888e+00
0.046	4.908
0.05 	4.923
0.013	4.908
0.043	4.909
8.718	4.863
8.748	4.928
8.756	4.798
8.77 	4.809
8.797	4.771
0.063	4.873
0.047	4.861
0.042	4.819
0.174	4.805
0.042	4.986
0.115	4.945
0.185	5.048
0.14 	5.054
0.068	4.912
0.006	4.901
3.291e-03	4.808e+00
0.028	4.835
0.055	4.892
0.122	4.824
0.15 	4.805
0.115	4.78 
0.117	4.77 
0.208	4.807
0.194	4.841
0.092	4.921
0.065	4.987
0.182	4.979
0.17 	4.937
0.272	4.888
0.221	4.9  
0.228	4.996
0.297	5.042
0.23 	5.069
0.262	5.137
0.241	5.151
0.098	5.01 
0.192	5.023
0.201	5.048
0.072	5.095
0.065	5.092
0.025	5.023
0.099	4.892
0.186	4.94 
0.151	4.94 
0.108	4.896
0.143	4.901
> Residue POPC 211
2.292	1.329
2.347	1.294
2.345	1.298
2.316	1.215
2.273	1.243
2.209	1.239
2.232	1.223
2.231	1.289
2.186	1.305
2.199	1.257
2.087	1.396
2.062	1.363
2.21 	1.342
2.213	1.44 
2.167	1.524
2.214	1.48 
2.114	1.646
2.096	1.604
2.11 	1.598
2.106	1.607
2.016	1.602
2.054	1.621
2.066	1.635
2.011	1.598
2.014	1.601
2.037	1.489
2.069	1.584
2.059	1.589
2.094	1.526
2.204	1.637
2.168	1.579
2.094	1.595
2.077	1.602
2.132	1.606
2.221	1.548
2.191	1.563
2.173	1.522
2.23 	1.481
2.164	1.555
2.125	1.654
2.257	1.566
2.289	1.577
2.133	1.564
2.131	1.59 
2.166	1.546
2.077	1.611
2.108	1.603
2.072	1.672
2.058	1.672
2.015	1.635
2.03 	1.624
> Residue POPC 212
1.759	0.937
1.755	0.988
1.731	0.975
1.688	0.957
1.617	0.957
1.679	0.968
1.589	1.02 
1.623	0.961
1.683	0.95 
1.632	0.956
1.571	1.037
1.506	0.993
1.651	0.971
1.673	1.049
1.624	1.102
1.656	1.102
1.648	1.126
1.663	1.041
1.742	1.043
1.764	1.046
1.697	1.074
1.66 	1.005
1.685	1.056
1.676	0.969
1.698	1.025
1.709	0.944
1.798	1.017
1.722	1.034
1.878	0.933
1.913	1.061
1.872	1.064
1.866	1.105
1.874	1.076
1.805	1.088
1.771	1.084
1.851	1.054
1.897	1.076
1.843	1.019
1.814	1.064
1.826	1.156
1.853	1.041
1.936	1.063
1.843	1.037
1.776	1.053
1.839	1.029
1.723	1.05 
1.823	1.058
1.777	1.081
1.813	1.096
1.744	1.025
1.743	1.087
> Residue POPC 213
8.043	7.704
8.009	7.668
7.884	7.676
7.889	7.602
7.911	7.657
7.88 	7.581
7.896	7.707
7.878	7.625
7.854	7.627
7.878	7.553
7.909	7.628
7.95 	7.718
7.847	7.695
7.932	7.746
7.924	7.784
7.801	7.804
7.872	7.771
7.827	7.754
7.825	7.766
7.873	7.81 
7.89 	7.693
7.797	7.639
7.835	7.66 
7.808	7.596
7.785	7.726
7.779	7.731
7.903	7.665
7.883	7.724
7.929	7.746
7.884	7.678
7.923	7.658
7.953	7.554
8.043	7.49 
7.932	7.501
7.945	7.472
7.95 	7.442
8.038	7.484
7.968	7.537
7.918	7.536
7.964	7.565
8.085	7.6  
8.045	7.597
8.052	7.508
7.972	7.671
8.064	7.633
7.998	7.615
8.032	7.553
7.99 	7.574
7.938	7.546
7.883	7.497
7.866	7.514
> Residue POPC 214
1.024	8.298
1.012	8.285
0.948	8.247
0.914	8.184
0.883	8.206
0.889	8.188
0.875	8.316
0.741	8.215
0.841	8.222
0.813	8.257
0.899	8.308
0.724	8.306
0.826	8.244
0.771	8.265
0.793	8.295
0.788	8.29 
0.818	8.336
0.777	8.321
0.756	8.201
0.857	8.253
0.789	8.277
0.807	8.199
0.725	8.219
0.714	8.198
0.76 	8.296
0.788	8.181
0.848	8.301
0.791	8.311
0.813	8.314
0.9  	8.268
0.923	8.264
0.975	8.298
0.968	8.266
0.929	8.237
0.917	8.204
0.899	8.14 
0.966	8.145
0.93 	8.206
0.92 	8.247
0.876	8.29 
0.903	8.211
0.92 	8.289
0.903	8.184
0.832	8.225
0.863	8.254
0.915	8.148
0.988	8.2  
0.943	8.197
0.879	8.149
0.828	8.107
0.784	8.103
> Residue POPC 215
1.167	7.496
1.276	7.584
1.235	7.54 
1.129	7.423
1.201	7.469
1.124	7.438
1.152	7.556
1.113	7.414
1.108	7.462
1.125	7.456
1.108	7.53 
1.057	7.585
1.052	7.575
1.028	7.542
1.005	7.59 
1.012	7.582
0.911	7.635
0.972	7.572
0.917	7.502
0.99 	7.508
1.093	7.551
1.076	7.549
1.098	7.491
1.163	7.418
1.07 	7.458
1.003	7.421
1.16 	7.543
1.193	7.516
1.265	7.573
1.263	7.51 
1.22 	7.492
1.287	7.534
1.359	7.456
1.386	7.473
1.332	7.432
1.376	7.423
1.468	7.356
1.403	7.398
1.371	7.443
1.384	7.483
1.436	7.442
1.425	7.459
1.45 	7.432
1.453	7.39 
1.466	7.46 
1.534	7.42 
1.478	7.413
1.451	7.449
1.328	7.379
1.286	7.322
1.271	7.375
> Residue POPC 216
8.21 	8.442
8.191	8.515
8.113	8.494
8.147	8.466
8.081	8.459
8.138	8.392
8.175	8.514
8.099	8.541
8.234	8.454
8.179	8.456
8.301	8.426
8.205	8.445
8.12 	8.432
8.157	8.522
8.124	8.52 
7.984	8.547
8.007	8.569
7.999	8.543
7.861	8.549
7.969	8.571
7.961	8.51 
7.873	8.439
8.004	8.478
8.008	8.364
7.986	8.448
7.986	8.398
8.096	8.3  
8.065	8.373
8.023	8.442
8.036	8.412
8.043	8.419
8.07 	8.266
8.075	8.258
8.043	8.269
8.097	8.226
8.099	8.22 
8.094	8.262
8.114	8.375
8.046	8.289
8.097	8.264
8.094	8.227
7.996	8.346
8.08 	8.245
8.012	8.356
8.174	8.248
8.142	8.248
8.208	8.218
8.089	8.236
8.068	8.201
8.026	8.186
7.992	8.222
> Residue POPC 217
0.091	8.04 
8.766	8.073
8.667	8.01 
8.632	7.962
8.626	7.989
8.609	7.89 
8.701	8.029
8.573	7.949
8.667	7.904
8.679	7.935
8.747	7.988
8.754	7.956
8.709	7.904
8.702	7.824
8.67 	7.908
8.543	8.001
8.654	8.071
8.637	8.038
8.553	7.987
8.579	7.986
8.672	7.875
8.547	7.845
8.631	7.866
8.632	7.773
8.597	7.896
8.508	7.781
8.645	7.853
8.631	7.955
8.66 	7.979
0.022	7.851
8.701	7.905
0.021	7.809
0.019	7.76 
8.681	7.799
8.71 	7.731
8.634	7.692
8.658	7.758
8.7  	7.806
8.668	7.821
0.044	7.691
8.71	7.69
7.277e-03	7.754e+00
0.028	7.648
8.671	7.782
0.075	7.743
0.105	7.73 
0.087	7.752
0.126	7.702
0.068	7.665
0.01 	7.681
8.635	7.662
> Residue POPC 218
8.43 	1.005
8.384	1.068
8.362	1.039
8.339	0.998
8.32	1.05
8.336	1.005
8.339	1.174
8.279	1.12 
8.269	1.103
8.25 	1.126
8.222	1.108
8.207	1.094
8.246	1.07 
8.304	1.14 
8.232	1.191
8.299	1.11 
8.26	1.25
8.286	1.219
8.243	1.22 
8.27 	1.277
8.243	1.223
8.187	1.189
8.322	1.195
8.189	1.209
8.239	1.264
8.205	1.276
8.22 	1.274
8.256	1.193
8.229	1.167
8.299	1.09 
8.304	1.107
8.279	1.047
8.339	1.015
8.298	1.061
8.284	1.128
8.296	1.069
8.402	1.12 
8.385	1.164
8.231	1.185
8.341	1.205
8.413	1.12 
8.363	1.059
8.38 	0.976
8.403	1.03 
8.442	1.091
8.457	1.091
8.449	1.03 
8.415	0.998
8.445	0.942
8.362	0.954
8.394	0.986
> Residue POPC 219
0.327	6.838
0.319	6.927
0.278	6.953
0.307	6.914
0.444	6.911
0.466	6.812
0.521	6.785
0.369	6.802
0.405	6.731
0.437	6.724
0.42 	6.808
0.495	6.719
0.388	6.805
0.406	6.702
0.396	6.733
0.408	6.855
0.471	6.87 
0.519	6.807
0.403	6.776
0.393	6.842
0.394	6.785
0.394	6.746
0.387	6.741
0.427	6.721
0.385	6.735
0.319	6.678
0.508	6.714
0.433	6.725
0.524	6.785
0.464	6.792
0.42 	6.832
0.462	6.898
0.551	6.733
0.589	6.689
0.543	6.759
0.631	6.783
0.661	6.731
0.573	6.841
0.541	6.919
0.568	6.851
0.543	6.832
0.497	6.896
0.548	6.809
0.55 	6.823
0.66 	6.874
0.623	6.897
0.512	6.822
0.566	6.844
0.499	6.769
0.527	6.703
0.555	6.664
> Residue POPC 220
0.221	1.383
0.139	1.398
0.151	1.389
0.131	1.375
0.075	1.437
0.125	1.423
0.082	1.551
0.076	1.468
0.12 	1.369
0.088	1.445
0.043	1.467
0.119	1.426
0.156	1.376
0.124	1.328
0.132	1.536
0.187	1.445
0.133	1.436
0.087	1.424
0.156	1.365
0.082	1.405
0.006	1.371
0.054	1.404
0.076	1.457
0.112	1.356
0.11 	1.458
0.175	1.366
0.18 	1.445
0.19 	1.393
0.116	1.344
0.28 	1.273
0.276	1.351
0.252	1.315
0.277	1.294
0.263	1.283
0.279	1.265
0.314	1.212
0.406	1.269
0.421	1.284
0.317	1.4  
0.359	1.369
0.417	1.296
0.399	1.333
0.343	1.29 
0.414	1.277
0.423	1.387
0.419	1.313
0.399	1.322
0.379	1.3  
0.415	1.251
0.358	1.296
0.386	1.301
> Residue POPC 221
0.317	0.135
0.286	0.144
0.286	0.164
0.322	0.093
0.267	0.126
0.302	0.091
0.255	0.25 
0.226	0.244
0.249	0.185
0.135	0.215
0.263	0.257
0.158	0.191
0.139	0.153
0.177	0.145
0.16 	0.214
0.207	0.121
0.127	0.252
0.176	0.156
0.156	0.155
0.107	0.139
0.12 	0.143
0.064	0.057
0.085	8.786
0.076	0.008
0.165	0.124
0.017	0.068
0.067	0.118
0.062	0.143
0.051	0.154
0.142	0.116
0.154	0.149
0.168	0.079
0.226	0.051
0.17 	0.092
0.186	0.095
0.202	0.101
0.241	0.071
0.222	0.092
0.188	0.106
0.182	0.131
0.183	0.022
0.249	0.103
0.341	0.035
0.208	0.057
0.239	0.053
0.179	8.672
0.175	8.614
0.238	8.655
0.222	8.621
0.124	8.563
0.125	8.628
> Residue SSM 247
4.617	5.239
4.682	5.211
4.635	5.25 
4.632	5.262
4.692	5.304
4.59 	5.263
4.654	5.3  
4.555	5.352
4.577	5.371
4.636	5.281
4.724	5.209
4.768	5.277
4.751	5.224
4.714	5.337
4.613	5.247
4.725	5.224
4.685	5.203
4.708	5.204
4.659	5.171
4.742	5.171
4.732	5.16 
4.734	5.104
4.804	5.23 
4.753	5.167
4.714	5.187
4.709	5.165
4.655	5.158
4.778	5.185
4.755	5.186
4.707	5.163
4.733	5.2  
4.837	5.207
4.841	5.197
4.799	5.22 
4.807	5.18 
4.75 	5.201
4.807	5.193
4.777	5.15 
4.809	5.166
4.86 	5.209
4.805	5.236
4.836	5.15 
4.821	5.177
4.827	5.189
4.756	5.239
4.827	5.258
4.784	5.276
4.911	5.224
4.906	5.2  
4.836	5.21 
4.792	5.205
> Residue SSM 248
4.026	6.29 
3.994	6.319
3.983	6.266
3.977	6.284
3.979	6.302
3.935	6.254
3.981	6.409
3.964	6.299
3.979	6.395
4.   	6.362
4.029	6.316
3.845	6.289
3.861	6.263
3.855	6.348
3.808	6.249
3.924	6.263
3.889	6.15 
3.846	6.121
3.783	5.999
3.841	6.056
3.891	6.191
3.94 	6.103
3.938	6.176
3.885	6.159
3.821	6.122
3.817	6.031
3.82 	6.034
3.926	6.066
3.8  	6.012
3.838	6.078
3.893	6.147
3.976	6.068
3.972	6.087
3.917	5.975
3.854	6.036
3.902	6.05 
3.957	6.046
3.898	6.091
3.945	6.078
3.908	6.198
3.922	6.098
3.958	6.086
4.022	6.01 
3.905	5.981
3.942	6.062
3.967	5.991
3.924	6.018
3.852	5.987
3.912	5.979
3.874	5.985
3.872	5.918
> Residue SSM 249
2.748	6.285
2.766	6.354
2.758	6.297
2.764	6.226
2.732	6.279
2.685	6.222
2.722	6.324
2.665	6.315
2.737	6.284
2.755	6.342
2.782	6.278
2.714	6.371
2.763	6.32 
2.77 	6.433
2.66 	6.362
2.667	6.306
2.646	6.332
2.677	6.357
2.532	6.272
2.589	6.299
2.635	6.436
2.63 	6.309
2.695	6.342
2.666	6.339
2.671	6.309
2.668	6.317
2.704	6.368
2.757	6.413
2.769	6.423
2.766	6.415
2.914	6.505
2.913	6.45 
2.882	6.424
2.861	6.353
2.862	6.401
2.917	6.331
2.954	6.315
2.922	6.305
2.918	6.392
2.859	6.354
2.86 	6.306
2.913	6.355
3.053	6.349
2.938	6.291
2.942	6.268
3.038	6.222
2.992	6.337
3.068	6.349
3.023	6.316
3.021	6.287
2.996	6.272
> Residue SSM 250
2.224	5.123
2.25 	5.137
2.236	5.184
2.212	5.057
2.232	5.057
2.11 	5.065
2.111	5.204
2.047	5.123
2.057	5.147
2.16 	5.103
2.052	5.067
2.181	5.065
1.992	5.084
2.17 	5.183
2.165	5.086
2.193	5.135
2.223	5.13 
2.136	5.106
2.081	5.019
2.175	5.085
2.333	5.077
2.263	5.055
2.361	5.099
2.273	5.054
2.284	5.034
2.309	5.055
2.362	5.029
2.384	5.177
2.317	5.042
2.318	5.02 
2.33 	5.178
2.281	5.118
2.269	5.081
2.316	5.046
2.318	5.044
2.245	5.057
2.331	4.998
2.355	5.026
2.318	5.086
2.377	4.959
2.291	5.024
2.294	5.042
2.293	5.036
2.375	5.021
2.342	5.004
2.361	5.053
2.291	5.15 
2.312	5.168
2.243	5.148
2.176	5.158
2.187	5.17 
> Residue SSM 251
8.567	2.58 
8.467	2.637
8.374	2.686
8.343	2.693
8.358	2.726
8.407	2.854
8.36 	2.934
8.352	2.883
8.343	2.749
8.433	2.882
8.296	2.865
8.401	2.78 
8.416	2.773
8.495	2.779
8.444	2.933
8.472	2.814
8.389	2.914
8.394	2.907
8.309	2.788
8.345	2.768
8.35 	2.804
8.423	2.898
8.325	2.831
8.384	2.854
8.4  	2.903
8.5 	2.89
8.47 	2.927
8.501	2.956
8.411	2.858
8.441	2.755
8.375	2.772
8.429	2.768
8.452	2.725
8.489	2.743
8.499	2.779
8.388	2.759
8.41 	2.765
8.468	2.808
8.391	2.816
8.421	2.893
8.493	2.815
8.405	2.757
8.309	2.756
8.338	2.76 
8.346	2.845
8.273	2.926
8.441	2.764
8.355	2.774
8.396	2.765
8.298	2.759
8.304	2.775
> Residue SSM 252
6.135	2.949
6.127	2.888
6.11 	2.847
6.066	2.851
6.105	3.023
6.093	2.986
6.055	3.05 
6.047	3.003
6.055	3.061
6.047	3.01 
5.98 	2.971
6.018	2.98 
6.085	2.912
6.094	2.994
5.981	3.015
6.071	2.962
6.007	3.003
6.034	3.   
5.984	3.01 
6.035	2.946
6.014	2.882
6.074	3.058
6.117	3.071
6.103	2.993
6.105	3.032
6.156	3.008
6.171	3.011
6.14 	3.083
6.167	3.067
6.182	2.984
6.189	3.057
6.187	3.029
6.216	3.064
6.202	3.052
6.186	2.973
6.172	2.991
6.109	3.024
6.142	2.968
6.107	2.979
6.137	2.97 
6.191	2.999
6.137	2.995
6.13 	2.969
6.074	3.066
6.072	3.035
5.963	3.065
5.939	3.043
5.976	3.044
5.996	2.976
5.919	2.976
5.997	2.965
> Residue SSM 253
7.241	5.142
7.263	5.089
7.226	5.119
7.184	5.125
7.196	5.12 
7.119	5.129
7.115	5.197
7.138	5.077
7.089	5.113
7.138	5.057
7.133	5.081
7.361	5.056
7.292	5.039
7.34 	5.126
7.206	5.036
7.336	5.115
7.296	5.078
7.314	5.138
7.248	5.115
7.192	5.151
7.279	5.111
7.252	5.003
7.398	5.107
7.326	5.019
7.357	5.073
7.203	5.097
7.17 	5.094
7.352	5.096
7.298	5.136
7.306	4.991
7.326	5.048
7.387	5.092
7.332	5.065
7.369	5.101
7.334	4.983
7.353	4.909
7.478	4.894
7.437	4.89 
7.407	4.904
7.395	4.936
7.333	4.968
7.36 	4.978
7.475	5.004
7.4 	5.02
7.363	5.065
7.384	5.125
7.364	5.063
7.492	5.055
7.437	4.984
7.361	4.965
7.36 	5.002
> Residue SSM 254
4.805	0.127
4.769	0.021
4.663	0.148
4.599	0.084
4.72 	0.115
4.587	0.044
4.704	0.081
4.625	0.043
4.651	0.173
4.687	0.16 
4.603	0.124
4.575	0.222
4.535	0.133
4.523	0.193
4.582	0.116
4.478	0.157
4.495	0.091
4.527	0.056
4.596	0.123
4.559	0.077
4.484	0.171
4.473	0.071
4.617	0.109
4.615	0.12 
4.655	0.087
4.598	0.114
4.734	0.134
4.732	0.137
4.737	0.118
4.742	0.086
4.758	0.118
4.792	0.215
4.806	0.173
4.675	0.177
4.701	0.157
4.735	0.216
4.812	0.223
4.759	0.137
4.779	0.088
4.781	0.126
4.831	0.148
4.837	0.211
4.904	0.205
4.759	0.185
4.829	0.182
4.794	0.2  
4.778	0.212
4.85	0.22
4.754	0.209
4.721	0.195
4.737	0.197
> Residue SSM 255
1.643	5.944
1.727	6.012
1.811	6.039
1.72 	5.959
1.809	6.007
1.747	6.021
1.791	6.157
1.822	6.084
1.767	6.059
1.89 	5.988
1.818	5.984
1.858	6.068
1.693	6.159
1.735	6.151
1.68 	6.029
1.738	6.057
1.726	6.07 
1.751	6.044
1.76 	6.033
1.756	6.041
1.889	6.057
1.859	6.018
1.933	6.003
1.958	5.994
1.921	5.905
1.931	5.975
1.944	6.011
2.017	6.043
2.025	6.071
2.051	5.972
2.127	6.068
1.998	6.111
1.994	6.031
2.033	6.027
2.057	6.054
2.146	6.052
2.095	5.995
2.198	5.969
2.18 	6.046
2.167	6.062
2.127	6.023
2.176	6.062
2.167	6.13 
2.217	6.057
2.193	5.974
2.214	5.998
2.121	6.11 
2.137	6.115
2.108	6.045
2.061	6.046
2.17 	6.095
> Residue SSM 256
2.493	6.606
2.517	6.666
2.528	6.68 
2.532	6.58 
2.589	6.641
2.483	6.607
2.52	6.69
2.512	6.716
2.577	6.73 
2.589	6.782
2.565	6.66 
2.458	6.794
2.511	6.735
2.524	6.796
2.504	6.768
2.491	6.797
2.532	6.76 
2.527	6.759
2.518	6.695
2.446	6.734
2.466	6.806
2.493	6.712
2.55 	6.773
2.55 	6.732
2.491	6.701
2.578	6.708
2.554	6.794
2.672	6.808
2.719	6.822
2.718	6.8  
2.765	6.885
2.723	6.855
2.749	6.764
2.729	6.738
2.721	6.79 
2.755	6.741
2.792	6.696
2.792	6.724
2.828	6.756
2.73 	6.762
2.745	6.71 
2.74 	6.779
2.854	6.777
2.808	6.782
2.803	6.743
2.762	6.653
2.822	6.768
2.726	6.75 
2.713	6.648
2.695	6.661
2.697	6.653
> Residue SSM 257
5.816	6.574
5.733	6.562
5.772	6.596
5.688	6.573
5.767	6.621
5.69 	6.598
5.722	6.618
5.699	6.587
5.713	6.583
5.717	6.646
5.817	6.611
5.879	6.646
5.795	6.607
5.835	6.621
5.735	6.68 
5.782	6.672
5.704	6.591
5.753	6.517
5.773	6.565
5.655	6.607
5.734	6.609
5.616	6.573
5.702	6.663
5.731	6.576
5.67 	6.593
5.571	6.6  
5.625	6.638
5.693	6.725
5.694	6.711
5.668	6.688
5.676	6.703
5.674	6.671
5.622	6.672
5.606	6.746
5.692	6.729
5.706	6.672
5.756	6.695
5.749	6.744
5.685	6.678
5.726	6.693
5.736	6.675
5.807	6.733
5.871	6.756
5.729	6.744
5.755	6.685
5.785	6.725
5.731	6.809
5.708	6.744
5.734	6.673
5.736	6.626
5.736	6.625
> Residue SSM 258
5.983	2.453
5.935	2.368
5.896	2.397
5.925	2.368
5.882	2.532
5.836	2.49 
5.824	2.555
5.724	2.522
5.804	2.544
5.89 	2.512
5.716	2.487
5.731	2.469
5.742	2.406
5.825	2.444
5.734	2.52 
5.761	2.545
5.707	2.553
5.723	2.517
5.719	2.526
5.716	2.471
5.656	2.419
5.77 	2.509
5.782	2.516
5.755	2.537
5.805	2.518
5.9  	2.519
5.904	2.58 
5.9  	2.594
5.936	2.558
5.871	2.506
5.858	2.566
5.947	2.524
5.95 	2.567
6.   	2.557
5.937	2.484
5.903	2.461
6.003	2.482
6.034	2.432
6.007	2.412
5.921	2.503
5.999	2.513
5.99 	2.478
6.056	2.446
5.936	2.498
5.887	2.503
5.825	2.484
5.821	2.5  
5.857	2.535
5.794	2.484
5.752	2.455
5.852	2.51 
> Residue SSM 259
6.447	7.067
6.391	7.049
6.415	7.043
6.372	7.016
6.473	7.026
6.336	7.079
6.407	7.107
6.438	7.03 
6.429	7.015
6.36 	7.051
6.36 	7.046
6.364	7.037
6.314	6.947
6.344	7.069
6.265	7.091
6.351	7.136
6.394	7.03 
6.472	7.144
6.415	7.104
6.357	7.119
6.403	7.143
6.328	7.032
6.364	7.114
6.453	6.949
6.429	6.974
6.299	6.983
6.377	7.008
6.398	7.005
6.426	6.97 
6.398	6.936
6.409	7.025
6.416	6.955
6.336	6.97 
6.404	6.983
6.42 	6.928
6.481	6.903
6.511	6.947
6.505	7.042
6.491	6.967
6.486	7.073
6.509	7.01 
6.562	6.976
6.616	7.048
6.519	7.059
6.52 	7.033
6.536	7.119
6.5  	7.162
6.576	7.052
6.441	7.064
6.445	7.085
6.416	7.121
> Residue SSM 260
7.321	5.621
7.328	5.589
7.29 	5.586
7.216	5.615
7.271	5.61 
7.224	5.612
7.24 	5.666
7.213	5.547
7.142	5.593
7.25 	5.535
7.229	5.528
7.32 	5.557
7.264	5.587
7.281	5.563
7.209	5.508
7.371	5.502
7.181	5.41 
7.238	5.529
7.3  	5.562
7.186	5.579
7.246	5.586
7.167	5.496
7.296	5.566
7.18 	5.475
7.219	5.514
7.07 	5.479
7.278	5.585
7.278	5.578
7.274	5.654
7.312	5.502
7.339	5.533
7.395	5.608
7.324	5.595
7.401	5.705
7.418	5.64 
7.358	5.614
7.35 	5.561
7.458	5.728
7.4  	5.646
7.36 	5.674
7.459	5.616
7.435	5.691
7.538	5.755
7.393	5.759
7.334	5.777
7.459	5.731
7.504	5.555
7.5  	5.582
7.52 	5.571
7.395	5.449
7.377	5.525
> Residue SSM 261
1.637	3.138
1.624	3.108
1.613	3.047
1.663	3.089
1.594	3.119
1.655	3.138
1.606	3.205
1.569	3.179
1.55 	3.171
1.639	3.178
1.596	3.191
1.592	3.142
1.581	3.137
1.655	3.162
1.528	3.224
1.579	3.238
1.628	3.197
1.599	3.198
1.565	3.102
1.557	3.128
1.563	3.159
1.573	3.134
1.564	3.145
1.543	3.069
1.576	3.075
1.591	3.075
1.589	3.069
1.511	3.1  
1.513	3.084
1.544	3.085
1.495	3.162
1.438	3.11 
1.483	3.138
1.501	3.096
1.474	3.077
1.421	3.167
1.509	3.128
1.46 	3.079
1.335	3.142
1.456	3.18 
1.468	3.111
1.525	3.105
1.386	3.082
1.367	3.095
1.357	3.079
1.382	3.166
1.419	3.167
1.486	3.107
1.386	3.088
1.352	3.108
1.454	3.057
> Residue SSM 262
5.244	8.155
5.253	8.101
5.257	8.168
5.194	8.095
5.247	8.103
5.13 	8.151
5.192	8.196
5.235	8.123
5.27 	8.205
5.256	8.244
5.245	8.335
5.189	8.321
5.158	8.254
5.177	8.294
5.085	8.272
5.063	8.363
5.079	8.332
5.193	8.238
5.139	8.268
5.134	8.257
5.176	8.321
5.161	8.156
5.223	8.282
5.158	8.235
5.204	8.229
5.135	8.243
5.222	8.287
5.259	8.322
5.257	8.273
5.219	8.289
5.23	8.29
5.311	8.332
5.207	8.302
5.151	8.308
5.194	8.3  
5.227	8.249
5.322	8.264
5.284	8.297
5.197	8.222
5.197	8.224
5.271	8.28 
5.254	8.201
5.378	8.261
5.241	8.263
5.339	8.182
5.313	8.245
5.32 	8.286
5.267	8.244
5.263	8.209
5.287	8.254
5.276	8.264
> Residue SSM 263
6.883	3.858
6.855	3.769
6.812	3.75 
6.803	3.815
6.841	3.85 
6.835	3.74 
6.773	3.757
6.748	3.668
6.821	3.694
6.758	3.726
6.784	3.675
6.89 	3.636
6.869	3.683
6.796	3.797
6.666	3.79 
6.771	3.791
6.631	3.828
6.724	3.823
6.647	3.843
6.662	3.863
6.696	3.793
6.733	3.886
6.75 	3.961
6.678	3.904
6.744	3.916
6.748	3.874
6.761	3.951
6.752	3.934
6.782	3.967
6.849	3.822
6.799	3.9  
6.812	3.961
6.802	3.916
6.836	3.944
6.871	3.852
6.76 	3.852
6.796	3.843
6.787	3.879
6.731	3.887
6.738	3.891
6.742	3.939
6.686	3.976
6.671	4.038
6.65 	4.009
6.632	3.999
6.603	3.981
6.576	4.036
6.636	3.969
6.525	3.921
6.535	3.889
6.554	3.918
> Residue SSM 264
7.181	6.516
7.189	6.55 
7.164	6.491
7.126	6.469
7.212	6.488
7.12 	6.485
7.159	6.563
7.214	6.454
7.133	6.435
7.18 	6.477
7.15	6.49
7.254	6.514
7.203	6.533
7.221	6.585
7.169	6.567
7.207	6.547
7.209	6.502
7.221	6.447
7.216	6.531
7.158	6.555
7.167	6.474
7.094	6.434
7.179	6.477
7.093	6.407
7.224	6.459
7.142	6.437
7.252	6.528
7.25 	6.511
7.348	6.533
7.247	6.426
7.322	6.522
7.335	6.508
7.4  	6.571
7.443	6.562
7.402	6.488
7.454	6.433
7.513	6.405
7.467	6.478
7.378	6.429
7.392	6.48 
7.461	6.517
7.442	6.407
7.511	6.435
7.382	6.518
7.366	6.482
7.32 	6.535
7.271	6.482
7.297	6.516
7.284	6.483
7.263	6.39 
7.227	6.486
> Residue SSM 265
1.79	4.12
1.84 	4.128
1.857	4.079
1.845	3.98 
1.801	4.069
1.837	4.076
1.923	4.184
1.813	4.092
1.77 	4.122
1.841	4.078
1.787	4.038
1.858	3.981
1.768	3.953
1.826	3.991
1.756	3.982
1.735	4.069
1.842	4.014
1.752	4.098
1.698	4.004
1.579	4.097
1.722	4.077
1.713	4.065
1.824	4.035
1.849	4.065
1.99	4.03
1.922	3.975
1.943	3.96 
1.892	4.081
1.761	4.019
1.871	4.047
1.877	4.162
1.891	4.129
1.927	4.062
1.968	4.052
1.979	4.022
1.904	4.11 
1.953	4.051
1.922	4.067
1.913	3.994
1.933	4.003
1.937	4.034
1.934	4.02 
1.968	3.91 
1.957	3.977
1.885	3.911
1.819	3.937
1.825	3.946
1.842	3.903
1.889	3.91 
1.854	3.904
1.9 	3.91
> Residue SSM 266
5.896	7.092
5.866	7.069
5.868	7.06 
5.825	7.034
5.898	7.077
5.777	7.067
5.878	7.108
5.893	7.02 
5.855	7.088
5.89 	7.181
5.877	7.209
5.886	7.237
5.833	7.158
5.918	7.302
5.865	7.273
5.765	7.224
5.772	7.098
5.848	7.109
5.805	7.11 
5.814	7.145
5.818	7.188
5.788	7.068
5.812	7.181
5.796	7.125
5.771	7.114
5.764	7.137
5.729	7.183
5.816	7.25 
5.855	7.231
5.866	7.243
5.844	7.296
5.869	7.262
5.815	7.229
5.793	7.293
5.784	7.295
5.775	7.21 
5.828	7.216
5.804	7.257
5.807	7.212
5.777	7.246
5.81 	7.168
5.847	7.135
5.906	7.222
5.891	7.233
5.877	7.154
5.945	7.206
5.913	7.255
5.89 	7.155
5.847	7.13 
5.849	7.102
5.878	7.098
> Residue SSM 267
7.38 	7.934
7.377	7.928
7.265	7.891
7.273	7.811
7.302	7.876
7.274	7.844
7.316	7.962
7.272	7.894
7.27 	7.937
7.296	7.922
7.313	7.917
7.313	7.978
7.192	7.933
7.296	7.995
7.284	7.968
7.176	7.99 
7.224	7.928
7.225	7.921
7.212	7.892
7.244	7.957
7.249	7.888
7.174	7.902
7.253	7.891
7.225	7.865
7.24 	7.856
7.22 	7.843
7.29 	7.821
7.334	7.941
7.341	7.939
7.308	7.981
7.339	7.934
7.372	7.872
7.38 	7.849
7.279	7.977
7.299	7.96 
7.294	7.863
7.371	7.862
7.391	7.902
7.389	7.852
7.379	7.852
7.409	7.795
7.39 	7.725
7.457	7.724
7.372	7.807
7.379	7.741
7.382	7.831
7.438	7.862
7.405	7.78 
7.333	7.738
7.32 	7.711
7.284	7.718
> Residue SSM 268
7.797	0.575
7.794	0.584
7.77 	0.522
7.727	0.546
7.701	0.6  
7.803	0.528
7.944	0.734
7.76 	0.726
7.765	0.714
7.802	0.696
7.778	0.593
7.727	0.669
7.683	0.619
7.768	0.675
7.747	0.754
7.733	0.762
7.779	0.888
7.816	0.819
7.702	0.79 
7.683	0.793
7.777	0.76 
7.713	0.708
7.762	0.715
7.711	0.737
7.753	0.797
7.67 	0.756
7.669	0.696
7.694	0.77 
7.7  	0.731
7.834	0.678
7.764	0.758
7.788	0.642
7.761	0.649
7.717	0.72 
7.74 	0.769
7.803	0.703
7.853	0.749
7.828	0.829
7.736	0.734
7.827	0.699
7.794	0.707
7.849	0.638
7.895	0.521
7.86 	0.601
7.813	0.63 
7.779	0.758
7.802	0.601
7.681	0.598
7.666	0.6  
7.653	0.571
7.718	0.586
> Residue SSM 269
0.623	2.466
0.609	2.48 
0.565	2.488
0.607	2.437
0.57 	2.453
0.596	2.553
0.548	2.59 
0.562	2.561
0.547	2.523
0.578	2.602
0.478	2.591
0.47 	2.551
0.536	2.466
0.563	2.563
0.529	2.634
0.555	2.58 
0.575	2.55 
0.539	2.595
0.446	2.629
0.439	2.573
0.42 	2.542
0.48 	2.563
0.404	2.508
0.488	2.529
0.52 	2.641
0.609	2.618
0.573	2.609
0.536	2.663
0.537	2.555
0.607	2.534
0.499	2.536
0.539	2.543
0.533	2.519
0.58 	2.509
0.608	2.545
0.587	2.596
0.565	2.563
0.54 	2.585
0.498	2.61 
0.524	2.677
0.597	2.68 
0.562	2.645
0.427	2.594
0.409	2.628
0.431	2.652
0.433	2.717
0.549	2.645
0.472	2.615
0.473	2.607
0.452	2.566
0.476	2.55 
> Residue SSM 270
1.359	1.546
1.245	1.58 
1.294	1.569
1.233	1.507
1.197	1.58 
1.28 	1.613
1.269	1.728
1.215	1.682
1.236	1.688
1.214	1.726
1.15 	1.758
1.145	1.692
1.306	1.709
1.231	1.746
1.229	1.8  
1.266	1.77 
1.274	1.793
1.24 	1.672
1.297	1.75 
1.292	1.675
1.217	1.686
1.247	1.638
1.236	1.673
1.186	1.612
1.288	1.646
1.145	1.597
1.212	1.589
1.194	1.608
1.106	1.6  
1.335	1.673
1.192	1.641
1.17 	1.653
1.193	1.57 
1.244	1.595
1.164	1.563
1.252	1.621
1.276	1.528
1.306	1.57 
1.223	1.611
1.176	1.634
1.27 	1.567
1.3  	1.616
1.235	1.575
1.194	1.626
1.244	1.65 
1.239	1.692
1.262	1.608
1.285	1.666
1.286	1.735
1.276	1.634
1.266	1.68 
> Residue SSM 271
8.915	0.356
8.877	0.386
8.845	0.326
8.917	0.334
8.831	0.436
8.903	0.355
8.897	0.524
8.818	0.462
8.813	0.44 
8.758	0.423
8.86 	0.489
8.807	0.473
8.76 	0.435
8.84 	0.491
8.731	0.592
8.85 	0.492
8.859	0.662
8.839	0.608
8.777	0.653
8.733	0.646
8.682	0.558
8.69 	0.601
8.744	0.539
8.608	0.52 
8.699	0.629
8.504	0.61 
8.554	0.635
8.62 	0.611
8.481	0.64 
8.656	0.581
8.649	0.546
8.686	0.463
8.723	0.495
8.688	0.544
8.671	0.614
8.752	0.551
8.846	0.554
8.862	0.591
8.726	0.61 
8.791	0.637
8.821	0.496
8.8  	0.572
8.895	0.523
8.85 	0.553
8.844	0.601
8.799	0.51 
0.179	0.482
0.131	0.507
0.128	0.435
0.126	0.445
8.73 	0.464
