-1.4564	-0.0009	2.0776	0.0365	0.0596	4.1777	0.0144	-0.1060	0.0177	0.0055	0.0037	0.0284	-0.0196	-0.6548	-0.7033	-0.0217
-1.2760	-0.0032	0.2706	0.1528	0.0361	0.6226	0.0946	0.0094	0.0437	0.0043	-0.0007	-0.2640	-0.0015	-0.0853	-0.2647	0.1265
-0.4805	-0.0058	0.6140	0.0613	0.0898	1.2129	0.0196	-0.0782	0.0413	0.0081	-0.0053	-0.6804	-0.0073	-0.1454	-0.0914	-0.0099
-0.0418	0.0001	-0.1395	0.0840	0.1668	5.3286	0.0080	-0.0355	0.0196	0.0091	-0.0078	-0.0112	-0.0131	-0.2423	-0.0608	-0.1617
-0.0484	-0.0097	-0.7044	0.0586	1.1854	1.7268	-0.0058	-0.0501	0.0095	0.0035	-0.0203	0.0918	-0.0072	-0.1620	-1.6597	-0.1893
-0.0730	-0.0107	-2.0140	0.2009	1.6900	1.1652	-0.0064	-0.0765	0.0063	-0.0196	0.0391	0.2305	-0.0156	-0.5557	-0.4362	-0.4556
0.0030	-0.0028	-0.2312	0.0447	0.8804	0.3059	-0.0179	-0.0841	0.0019	-0.0058	0.0114	0.2061	-0.0262	-1.8468	-0.2403	0.0937
-0.0052	0.0003	-0.1051	0.0765	0.5514	3.0717	0.0277	-0.0470	0.0124	-0.0030	-0.0027	0.0026	-0.0149	-1.1248	-0.5055	0.5649
-0.1123	-0.0038	0.0452	0.1662	0.5006	2.7427	0.0682	0.0146	-0.0000	-0.0033	-0.0071	-0.0829	-0.0166	-0.8819	-0.9491	-0.0265
-0.4768	-0.0124	-0.3727	0.1898	0.1201	2.2603	0.0318	0.0017	0.0048	0.0035	-0.0126	-0.4297	-0.0386	-0.3217	-0.3847	-0.1060
-0.6173	-0.0191	0.3486	0.3194	-0.0341	0.3754	0.0304	0.0031	-0.0037	0.0049	-0.0049	-0.3929	-0.0156	-0.5236	-1.1386	0.0090
-0.3648	-0.0107	0.0961	0.4894	0.1654	0.9912	0.0249	0.0024	-0.0029	-0.0040	-0.0094	-0.4368	-0.0657	-1.0524	-0.0937	0.0137
-0.1348	-0.0126	-0.1363	-0.9301	-0.6479	0.4773	0.0518	-0.0041	-0.0029	0.1083	-0.0113	-0.1536	-0.0258	-1.1900	-1.6446	-0.0398
-1.0965	-0.0068	-0.4399	0.1187	0.1236	3.7929	0.0178	-0.0303	0.0018	-0.0397	-0.2298	-0.5541	-0.0667	-0.5574	-0.2406	-0.0157
-1.1614	-0.0079	-0.3803	0.1384	0.0288	1.9190	-0.0076	-0.0033	-0.0155	0.0555	-0.0185	-0.0818	-0.1615	-1.0722	-0.3450	-0.0617
-2.4083	-0.0066	-0.0544	0.0491	0.0125	0.8770	0.0908	0.0001	-0.0142	-0.0068	-0.0505	-0.0930	-0.0920	-0.5969	-1.0586	-0.1647
-3.8907	-0.0053	-1.3925	0.0692	0.0020	1.0135	0.0325	0.0030	-0.0457	0.0327	-0.0616	-0.0731	-0.0127	-0.3082	-1.2214	-0.2230
-2.4804	-0.0078	-0.0189	0.0331	0.0221	0.9630	0.1698	0.0023	0.0085	0.0063	-0.0215	-0.1739	-0.0460	-0.7878	-0.3778	-0.4618
-3.4130	-0.0074	-0.2976	-0.0049	0.0271	1.1908	0.0916	-0.0023	0.0162	0.0196	-0.0730	-0.3093	-0.0109	-0.2112	-1.2584	-0.4639
-6.1479	0.0065	-0.5199	-0.1116	0.0098	0.9232	0.0606	-0.0087	0.0500	0.0176	-0.1266	-1.6049	-0.0070	-0.2450	-0.6678	-0.1863
-4.7046	-0.0132	-0.1851	-0.1791	0.0132	0.3184	0.1439	-0.0066	-0.0018	0.0005	-0.0282	-2.6231	-0.0171	-0.4178	-0.9357	-0.1692
-3.8376	-0.0039	0.5131	0.0204	0.0547	4.2475	0.0101	-0.0695	0.0092	-0.0049	-0.0665	-0.1057	-0.0160	-0.2924	-0.8564	-0.4887
-0.4092	-0.0269	-0.2292	0.0186	-0.0032	1.3629	0.0106	-0.0120	-0.0086	-0.0021	-0.1512	-0.3780	-0.0524	-0.3994	-0.6837	-0.2106
-4.4084	-0.0062	0.0363	0.0110	0.0385	2.6675	0.0017	-0.0965	-0.0007	-0.0066	-0.1275	-0.0600	-0.0513	-0.5237	-0.3744	-0.4021
-2.4649	-0.0143	-0.5251	0.0407	0.0682	2.8135	-0.0026	-0.0442	0.0061	-0.0461	0.1260	0.2812	-0.0403	-0.3470	-0.0902	-0.2219
-1.4388	-0.0140	1.2057	0.0381	0.0494	1.6044	0.0482	-0.0191	-0.0020	-0.0039	-0.0983	-0.5443	-0.0585	-0.4009	-0.4889	-0.3317
-0.3999	-0.0283	2.2021	0.0246	-0.0039	0.4604	0.0125	-0.0523	-0.0028	0.0053	0.2059	-0.0132	-0.0516	-0.4286	-0.1187	-0.7567
-3.4305	-0.0124	2.2764	0.0515	0.0220	0.9141	0.0155	-0.0507	0.0131	-0.0096	0.1262	0.0535	-0.0248	-0.5396	-0.1269	-0.3198
-0.7022	-0.0187	2.0757	0.0132	-0.0041	0.6684	0.0112	-0.0491	0.0112	-0.0031	0.0072	-0.5727	-0.0201	-0.3841	-0.2480	-0.2306
-0.5561	-0.0229	0.4118	0.0071	-0.0013	1.4836	0.0012	-0.2112	0.0068	-0.0113	0.1843	-0.0032	-0.0205	-0.4203	-0.0859	-0.1422
-1.2400	-0.0398	0.1987	0.0273	-0.0044	0.8964	-0.0005	-0.0447	-0.0064	-0.0525	0.0009	0.3122	-0.0210	-0.1801	-0.0597	-0.1185
-0.2407	-0.0883	0.0119	0.0149	-0.0136	0.6411	0.0038	-0.0228	-0.0231	-0.0403	-0.1652	-0.8458	-0.0388	-0.3659	-0.0797	-0.0031
-1.2850	-0.0246	1.0622	0.0442	0.0022	0.3753	0.0095	-0.0376	0.0194	0.0218	-0.3953	-1.4243	-0.1193	-0.0820	-0.0937	-0.0628
-0.5532	-0.0249	0.3574	0.0381	0.0005	1.0160	0.0181	-0.0155	-0.0004	-0.0081	-0.2220	-0.6089	-0.0726	-0.2832	-0.1124	-0.1361
-0.3700	-0.0143	0.4496	0.0201	-0.0045	3.5280	0.0153	-0.0210	-0.0037	-0.0146	-0.6095	-0.1259	-0.0810	-0.2991	-0.1828	-0.0808
-2.1484	-0.0371	1.2031	0.0626	0.0110	0.2549	0.0042	-0.0088	-0.0096	-0.0421	-0.1354	-0.4130	-0.0810	-0.2784	-0.0797	-0.0218
-2.3547	-0.0438	0.1370	0.0652	0.0174	0.1763	0.0028	-0.0109	-0.0002	0.0041	-0.1448	-1.6903	-0.1110	-0.2541	-0.0766	-0.0103
-0.7406	-0.0263	-0.4544	0.0749	0.0220	0.8730	0.0023	-0.0163	-0.0008	0.0017	-0.0439	-1.0550	-0.1267	-0.4035	-0.0601	-0.0264
-0.3278	-0.0541	1.1057	0.1980	-0.0070	0.4306	0.0046	-0.0102	-0.0053	-0.0007	0.0698	0.4829	-0.1176	-1.2771	-0.0317	-0.0259
-0.3329	-0.0206	0.7159	0.1307	0.0453	1.5443	0.0052	-0.0157	0.0016	-0.0051	0.1799	0.6827	-0.0996	-0.6722	-0.0269	-0.0393
-0.5706	-0.0303	0.7268	0.2097	0.0374	0.1846	0.0200	0.0017	0.0050	0.0006	0.0362	0.1856	-0.0983	-2.8792	-0.0380	0.0083
-0.4018	-0.0553	0.1422	0.4178	-0.2021	0.0700	0.0665	0.0117	-0.0136	0.0088	0.0246	-0.2889	-0.0559	-0.4611	-0.1277	-0.0165
-0.1935	-0.0216	2.1625	0.0266	-0.3165	0.1911	0.0394	-0.0307	-0.0091	-0.0079	-0.0001	-0.1607	-0.0352	-0.6139	-0.7655	0.0487
-0.4697	-0.0107	1.1516	0.0424	-0.0896	0.7092	0.0490	0.0040	-0.0021	0.0035	-0.0052	-0.0940	-0.0194	-0.4283	-1.4169	-0.3243
-0.6303	-0.0221	5.7350	0.0186	-0.1903	0.1381	0.0209	0.0075	-0.0095	-0.0207	-0.0142	-0.0032	-0.0206	-0.2919	-0.3070	-0.1430
-0.4625	-0.0560	1.4142	0.0754	-0.2552	0.1435	0.0797	0.0101	-0.0135	-0.0359	-0.0747	-0.0537	-0.0149	-0.1103	-1.4828	-0.0939
-0.3568	-0.0438	0.1053	0.1263	-0.6765	0.0786	0.2835	0.0119	-0.0137	-0.0038	-0.0256	-0.1209	-0.0230	-0.2009	-1.3574	-0.1527
-0.1297	-0.0579	0.0976	0.2869	-0.2996	-0.3165	0.1350	0.0225	-0.0157	0.0084	-0.0278	-0.0527	-0.0208	-0.1724	-1.9213	-0.1433
-0.1749	-0.0426	2.1494	0.0377	-0.4980	-1.0579	-0.0078	0.0401	-0.0193	-0.0742	-0.0917	-0.0319	-0.0189	-0.1706	-0.6831	-0.1026
-0.3104	-0.0384	3.4948	0.0239	-0.4900	-0.4698	0.0390	0.1669	-0.0159	-0.0157	-0.0610	-0.0065	-0.0164	-0.1128	-1.1339	-0.2100
-0.2805	-0.0423	4.2491	0.0128	-0.2796	-0.1666	0.0356	0.0948	-0.0121	-0.0099	-0.0436	-0.0097	-0.0090	-0.0682	-3.4512	-0.2952
