-0.4218	0.0242	1.8592	0.2618	0.3333	2.3108	0.1450	0.5405	0.3083	0.1769	-0.0697	-0.2883	-0.0611	-0.2245	-0.7413	-0.7892
-0.3874	0.0404	0.5866	0.6263	0.3305	1.0954	0.3633	0.3340	0.3378	0.0793	-0.0286	-0.3720	0.0597	0.0096	-1.1150	-0.6005
-0.5517	-0.0422	1.5945	0.2813	0.4899	1.3000	0.1704	0.3992	0.2470	0.1017	-0.0408	-0.6219	0.0043	-0.0502	-0.8237	-0.2569
0.1424	0.0316	1.4232	0.3642	0.6020	2.5223	0.0927	0.2121	0.2253	0.1895	0.1278	0.0428	0.0053	0.1444	0.0240	-0.5980
-0.1852	-0.0786	1.2356	0.3130	1.4012	1.8289	-0.0413	0.2162	0.1722	0.2964	-0.0366	-0.3351	-0.0869	-0.2228	-0.3954	-0.4139
-0.2692	-0.0811	1.1618	0.4574	1.5550	1.5738	-0.0185	0.1585	0.1704	0.2283	-0.2584	-0.6033	-0.1619	-0.5026	-0.0320	-0.1845
0.0549	0.0637	0.5318	0.6178	1.0727	1.0345	0.1020	-0.0454	0.1927	0.0815	-0.1434	-0.7412	-0.0925	-0.3516	-0.9568	-0.3257
0.0781	0.0327	0.2565	0.6246	1.0075	2.0421	0.2787	0.1721	0.1728	0.1814	-0.0404	-0.3880	-0.1304	-0.3459	-0.7091	-0.8216
-0.1039	0.0153	0.4210	0.6522	0.8946	1.8706	0.3090	0.2405	0.1101	0.1941	0.0669	-0.0392	-0.1548	-0.3825	-0.7052	-0.3770
-0.3682	-0.0395	0.8057	0.4928	0.4467	1.7909	0.1985	0.1302	0.1352	0.1333	0.0862	-0.0380	-0.0954	-0.2517	-0.9665	-0.1562
-0.4920	-0.0465	0.9377	0.6159	0.5302	0.9831	0.2520	0.2497	0.1106	0.2206	-0.0256	-0.3800	-0.1616	-0.3052	-0.7523	-0.1927
-0.2073	0.0023	1.0395	0.7804	0.6112	1.3271	0.1804	0.1666	0.0766	-0.0058	-0.0152	-0.2615	-0.2774	-0.1444	-0.9959	-0.1691
-0.3548	-0.1126	0.0450	0.7031	0.9436	0.7465	0.2609	-0.0058	0.1345	0.4925	0.0773	-0.4544	-0.1421	-0.0420	-1.0666	-0.0565
-0.4031	-0.0077	1.0887	0.3843	0.4054	2.0107	0.1417	0.1089	0.0925	0.0793	-0.0292	-0.6207	-0.2574	-0.1100	-0.2536	-0.0674
-0.5916	-0.0488	1.3353	0.4397	0.2468	1.4089	0.0564	0.1452	0.2101	0.4494	0.0823	-0.2622	-0.1343	-0.1361	-0.6690	-0.1428
-0.7368	-0.0011	1.0242	0.2798	0.1727	1.1053	0.3191	0.0429	0.0830	0.2280	0.3759	-0.2820	-0.1829	-0.4795	-0.3922	-0.0429
-0.5663	-0.0349	1.0475	0.3120	0.0979	1.1296	0.1836	0.0756	0.3204	0.3044	0.3614	-0.2415	-0.0010	-0.2746	-0.1936	-0.0335
-0.6004	0.0085	0.5765	0.3523	0.2189	1.1173	0.4369	0.0637	0.1439	0.2206	0.2815	-0.1146	-0.1005	-0.3262	-0.1893	-0.2280
-0.5126	0.0036	0.9283	0.1284	0.2470	1.1790	0.3238	0.0308	0.1275	0.2000	0.2664	-0.1011	-0.1066	-0.2605	-0.0140	-0.2072
0.0199	0.1424	1.1706	-0.1783	0.1292	1.0534	0.3015	-0.0740	0.3704	0.2060	0.2053	-0.5579	-0.0324	-0.2543	-0.5222	0.0899
-0.5628	0.0188	0.4137	-0.0498	0.1986	0.7481	0.4569	0.0147	0.0798	0.0657	0.0712	-0.3200	-0.1586	-0.2693	-0.6577	-0.1300
-0.5203	0.0116	1.3973	0.1696	0.3129	2.2483	0.1635	0.2505	0.0994	0.0717	-0.1299	-0.2681	-0.1592	-0.5455	0.0429	-0.0582
0.4807	-0.0892	1.5193	0.1575	0.0182	1.3728	0.2124	0.1459	-0.0498	-0.0014	-0.0131	-0.0472	-0.2545	-0.5973	0.0840	-0.0150
-0.4404	0.0001	0.9719	0.1471	0.2564	1.8019	0.1343	0.2703	0.0227	0.0007	-0.2845	-0.1845	-0.2796	-0.5265	0.1389	-0.0343
-0.3597	-0.0330	1.2312	0.2270	0.3011	1.8362	0.0834	0.1852	0.1262	0.0959	-0.9194	-0.5372	-0.2806	-0.1884	0.2610	0.1109
-0.2588	-0.0206	1.5351	0.2355	0.2659	1.4846	0.3099	0.2011	0.0160	0.0067	-0.1105	-0.1368	-0.2390	-0.5577	-0.0189	0.0424
0.4861	-0.0450	2.1030	0.1814	-0.0181	0.9672	0.2878	0.2634	0.0298	-0.0797	-0.5336	-0.4110	-0.2798	-0.2132	0.1932	0.0564
0.1986	0.0276	2.0500	0.2743	0.1824	1.2446	0.2312	0.2930	0.1733	0.0405	-0.3708	-0.7359	-0.2327	-0.1715	0.0927	-0.0273
0.5577	-0.0082	1.8946	0.1413	-0.0103	1.0789	0.2667	0.2082	0.1838	0.0848	-0.2118	-0.6884	-0.1818	-0.4706	0.0039	-0.1314
0.5140	-0.0715	1.0313	0.1341	0.0345	1.4962	0.1593	0.3505	0.1646	0.0817	-0.5105	-0.5146	-0.2198	-0.4118	0.0474	-0.2509
0.5065	-0.0355	1.1494	0.2127	0.0379	1.1049	0.1520	0.2125	0.0812	0.1423	-0.6337	-0.9603	-0.2658	-0.2984	0.1883	0.1992
0.4584	-0.0478	0.9851	0.1356	-0.0781	0.9102	0.1853	0.0924	0.1298	0.1591	-0.2285	-0.9773	-0.2301	-0.2734	0.0477	-0.0338
0.6407	0.0105	1.6859	0.2494	0.0632	0.7637	0.2731	0.2081	-0.1959	-0.2237	-0.5359	-0.4030	-0.3607	0.0142	0.1156	0.0875
0.6579	-0.0656	1.4396	0.2620	0.0430	1.1191	0.2596	0.1610	-0.0053	-0.0189	-0.3028	-0.5072	-0.3607	-0.1627	0.1806	0.1514
0.5266	-0.0971	1.4187	0.1936	0.0101	1.9537	0.1902	0.2369	-0.0499	0.0146	-0.1767	-0.1788	-0.3449	-0.2465	0.2451	0.0206
0.5360	0.1098	1.3599	0.3437	0.1166	0.6454	0.1711	0.1888	0.0610	0.0616	-0.1822	-0.8139	-0.3854	-0.0676	0.1080	0.0166
0.4125	0.1237	0.9527	0.3178	0.2092	0.5889	0.1594	0.1289	-0.0470	-0.0861	-0.1795	-1.0672	-0.4272	-0.0773	-0.0187	-0.0013
0.3243	-0.1198	1.3717	0.3264	0.1675	1.1507	0.1297	0.1822	-0.0608	-0.0615	-0.3086	-1.1653	-0.4506	-0.4435	0.0144	0.0244
0.4001	-0.1497	2.0186	0.5758	0.0301	0.9342	0.1427	0.2949	0.0823	0.0078	-0.2655	-1.1824	-0.3966	-0.9952	0.0432	0.0222
0.0890	-0.1349	1.1328	0.5122	0.2189	1.5596	0.1018	0.3366	0.0851	0.0432	-0.5411	-0.8688	-0.4253	-0.2993	0.1396	0.1432
-0.2673	-0.0324	0.9248	0.6849	0.4376	1.0474	0.1956	0.3614	0.1311	-0.0386	-0.1981	-1.0554	-0.2063	-0.8374	-0.1160	-0.0985
0.0125	-0.1150	0.4300	0.9389	-0.0211	0.7805	0.3626	0.3631	0.0688	-0.1018	-0.1767	-0.6774	-0.3393	-0.2011	-0.1101	-0.1382
-0.1967	-0.0900	1.5036	0.2281	0.2531	1.3305	0.2352	0.6786	0.0522	0.0783	-0.0472	-0.2133	-0.2492	-0.5233	-0.8856	-0.3867
-0.3298	-0.0775	1.1125	0.3364	0.0700	1.2494	0.3232	0.3972	0.0754	0.1763	-0.0005	-0.0791	-0.2133	-0.4612	-0.4656	-0.5232
-0.1901	-0.0127	2.4117	0.2039	0.1364	0.9896	0.2462	0.6881	0.0897	0.1519	-0.1208	-0.1341	-0.2440	-0.3681	0.1816	-0.0383
0.0538	0.0350	1.2781	0.4468	0.0497	0.6985	0.3671	0.1867	-0.0236	0.2127	0.1356	-0.2211	-0.2298	-0.2994	0.2385	-0.1085
-0.1438	-0.0424	0.3348	0.7963	-0.0920	0.7374	0.6377	0.1975	0.0159	0.1408	0.1149	-0.0145	-0.2457	-0.3671	-0.0038	-0.1256
0.1352	-0.2308	0.3237	0.8757	0.1612	0.8786	0.4530	0.2370	-0.0110	0.2875	0.0962	-0.0895	-0.2317	-0.2922	-0.1612	-0.1775
-0.2049	-0.1507	1.6141	0.2725	0.4931	0.7631	0.1554	0.4771	-0.0057	0.3045	-0.0887	-0.1989	-0.2456	-0.2670	0.2084	-0.1321
-0.1483	-0.0141	1.8812	0.2089	0.1909	0.6033	0.2893	0.8493	-0.0277	0.2065	-0.0097	-0.0191	-0.2241	-0.2355	0.1734	-0.3635
0.1361	-0.1165	2.0852	0.1535	0.0867	0.8911	0.2719	0.7362	-0.0692	0.1729	0.1549	0.0563	-0.1774	-0.1843	-0.0512	-0.4793
